3500084
3500070
3488265
3500063
3500026
3500073
3500029
3500317
3500213
3500097
3500064
3500058
3500040
3500036
3501167
3500061
3499992
3500060
3500019
3500061
3500073
3500035
3500109
3500127
3499762
3502858
3500061
3500021
3499964
3500420
3500074
3500072
3500116
3500043
3500566
3500876
3500083
3500057
3500089
3500114
3500058
3500056
3500064
3500069
3500000
3500073
3500064
3500031
3500070
3500058
3500054
3500057
3500058
3500032
3500069
3500048
3499809
3500202
3500492
3500062
3500068
3500029
3500059
3498634
3500031
3500074
3500066
3501050
3500063
3500053
3500028
3500945
3500036
3500072
3500208
3500091
3500045
3500030
3500061
3500046
3500055
3500082
3500048
3500074
3502959
3500176
3500043
3500056
3500001
3500425
3500049
3500023
3500043
3497173
3500081
3500191
3500105
3497414
3500035
3500069
3500041
3498891
3500035
3500047
3500105
3500069
3500050
3500062
3500041
3500060
3500038
3500077
3500074
3499973
3500064
3500070
3500067
3500148
3500438
3500107
3500043
3500093
3500057
3500069
3500083
3500044
3500058
3500103
3500042
3500072
3500095
3500047
3500054
3499967
3500082
3500079
3501560
3500047
3500064
3500061
3500052
3500063
3500042
3500489
3501180
3500049
3500140
3499993
3500056
3499992
3500084
3498800
3500045
3500014
3475042
2425856
2424941
2425002
2425054
2426190
2424994
2424978
2425064
2425100
2424977
2425034
2425024
2425007
2425004
2425042
2424954
2424950
2425038
2425043
2425144
2425065
2424992
2425705
2425216
2424875
2425004
2425057
2425064
2425072
2425001
2425015
2425006
2425004
2425037
2425018
2425041
2425045
2425031
2425001
2425017
2425232
2425058
2424974
2425055
2425012
2425368
2425035
2424883
2425007
2425021
2424983
2425025
2424999
2425062
2425044
2425015
2424985
2425402
2425132
2424902
2425051
2425107
2424993
2425046
2425028
2425032
2425034
2425037
2425018
2425028
2425018
2425032
2425022
2425050
2425046
2425204
2425211
2427119
2425032
2424830
2425033
2425059
2425158
2426222
2425015
2425075
2425054
2425036
2425029
2425013
2424966
2424954
2424979
2425034
2425012
2425053
2424962
2425031
2425018
2425037
2424918
2425040
2425038
2425007
2425018
2424965
2424986
2425008
2425036
2425031
2420514
2412087
2425004
2425028
2425007
2425004
2425041
2425022
2427370
2425028
2428442
2425058
2425033
2425053
2425054
2425030
2425030
2425038
2425044
2425037
2425449
2425023
2425026
2425036
2427049
2425046
2425038
2425008
2425026
2425049
2425047
2425043
2425029
2425031
2426877
2426075
2425041
2425013
2425060
2425042
2425042
2425024
2425046
2425052
2425027
2425030
2424464
2425031
2425054
2425043
2425039
2675016
3413118
3500672
3488260
3499894
3500045
3501004
3500052
3500068
3500077
3500032
3500045
3500093
3500145
3500009
3500047
3500054
3500070
3501608
3499988
3500010
3099003
2424951
2424997
2424958
2425025
2425008
2425053
2424992
2424942
2425028
2425045
2425028
2425037
2425029
2425055
2425044
2425050
2425057
2425040
2425052
2425022
2425030
2425044
2425038
2425030
2425112
2425046
2425041
2425045
2425027
2425028
2425043
2425014
2425046
2425032
2424985
2425014
2425041
2425033
2425041
2425053
2425041
2425031
2425058
2425036
2425032
2615085
3350067
3500055
3500064
3500078
3500085
3500081
3500582
3500064
3500067
3502220
3500019
2424958
2425013
2424958
2424897
2425027
2425045
2425039
2424882
2425023
2425043
2424963
2425050
2425037
2425041
2425034
2425019
2425021
2425049
2425095
2425030
2425049
2425130
2425147
2425183
2425054
2425045
2425056
2425045
2425054
2423974
2425031
2425043
2425043
2425036
2424964
2425034
2425052
2424934
2424977
2424976
2425014
2425562
2425060
2425026
2425029
2425037
2424991
2425043
2425047
2425061
2425090
2425023
2425048
2425038
2425046
2425033
2425014
2425057
2425046
2425046
2425055
2425060
2425060
2425054
2425058
2425074
2425050
2425054
2425045
2925069
3500096
3250045
3250070
3379270
3167659
3225067
3350065
3200058
3225050
3200745
3249393
3275076
3250079
3116308
3150418
3225093
3250068
3300073
3225065
3200084
3275070
3200432
3250083
3286383
3102044
3317802
3210751
3275083
3342020
3150078
3177788
3175007
3263732
3200090
3225075
