2425013
2425049
2424841
2425050
2425005
2425031
2425033
2425160
2425038
2425055
2416775
2425033
2425039
2425036
2425070
2425110
2425029
2425036
2425044
2425018
2425022
2424752
2424977
2425040
2425026
2425041
2424876
2425050
2425036
2425441
2425013
2416802
2425047
2425058
2425038
2425058
2425028
2425022
2416791
2425023
2425175
2425023
2425093
2425033
2815022
3501671
3500075
3496656
3500072
3500116
3499602
3500503
3499954
3500333
3500052
3500073
3500058
3500087
3500058
3500070
3425133
2796740
2425015
2425060
2425032
2425013
2425043
2425128
2425046
2424999
2424961
2425038
2425045
2425210
2424997
2424997
2416291
2424989
2424994
2425036
2425059
2425511
2425412
2425054
2425042
2425014
2425053
2425030
2424990
2425086
2425043
2425060
2425035
2424923
2424953
2425019
2425023
2425027
2425040
2424627
2425036
2425012
2425013
2425021
2425031
2425007
2426367
2425060
2425013
2425027
2425027
2425033
2424943
2424953
2425007
2425019
2424993
2424997
2425087
2424988
2425713
2425017
2424939
2425034
2425017
2425051
2425039
2425041
2425044
2425036
2425031
2425058
2425682
2425067
2425034
2424970
2425047
2425048
2425007
2424963
2420170
2423737
2425049
2424695
2425039
2424938
2424970
2425042
2425027
2424899
2424992
2425257
2424990
2425013
2425111
2424718
2425014
2425054
2425031
2424988
2425053
2425496
2425027
2425034
2425023
2425030
2424989
2425050
2425037
2424994
2425094
2424956
2425015
2425032
2425054
2424995
2425049
2424927
2425041
2425048
2425836
2425069
2425054
2425025
2425059
2425049
2425036
2425031
2425039
2424976
2425035
2425038
2425033
2425255
2425040
2425022
2425035
2425035
2425005
2425056
2424997
2425038
2430672
2425028
2424903
2425022
2425031
2425012
2425048
2425042
2425046
2425041
2425036
2425068
2425007
2425328
2424931
2424914
2424682
2425049
2425043
2425020
2425017
2425017
2425071
2425062
2425042
2425081
2425027
2425237
2424996
2425022
2424972
2425059
2425038
2425038
2425049
2425063
2425125
2425042
2425031
2425065
2425048
2426041
2425048
2425846
2425005
2425042
2425058
2425017
2424997
2425055
2425030
2425047
2425059
2425896
2424962
2425032
2425003
2425029
2425038
2424298
2425052
2425037
2425026
2425031
2425099
2424893
2425031
2425050
2425092
2425042
2425003
2425035
2425049
2424995
2425027
2424998
2425166
2425441
2425039
2425045
2425038
2425348
2425048
2425033
2424965
2425013
2425047
2425036
2425040
2425038
2425056
2425046
2425027
2425069
2425049
2436256
3148867
3500240
3503215
3500064
3500081
3500066
3500281
3500041
3500048
3500067
3500082
3500031
3500051
3500060
3500072
3500046
3499998
3500039
3500353
3499659
3500077
3500095
3499605
3500081
3500046
3501101
3500035
3500049
3500059
3500186
3488298
3500044
3488249
3499906
3501148
3500046
3499991
3499589
3495131
3500045
3500032
3500042
3500044
3500052
3500092
3500035
3500072
3500072
3500043
3499628
3499849
3500064
3500073
3500067
3500073
3500167
3500042
3500054
3500342
3500065
3500023
3500299
3500059
3500036
3500093
3500134
3500038
3500077
3500163
3499892
3498115
3499886
3500032
3501227
3500059
3500113
3500119
3500064
3499989
3500066
3500203
3500068
3500043
3500041
3500064
3502000
3499643
3500066
3499868
3500585
3500074
3500057
3500067
3502229
3500022
3500217
3500895
3500063
3500086
3499585
3500056
3500444
3500051
3500219
3500052
3500051
3500064
3500082
3500050
3500077
3501484
3501880
3224644
2425010
2425112
2425067
2424781
2425633
2425057
2425415
2425022
2425116
2424989
2425034
2424976
2424177
2424939
2423996
2424957
2425018
2423440
2424961
2425028
2424923
2424979
2424448
2424550
2424635
2424984
2424964
2424998
2425612
2425023
2425023
2424925
2425032
2424988
2425014
2424949
2425016
2424977
2425055
2425007
2425017
2421959
2424992
2424974
2423431
2425058
2425034
2424921
2424920
2425045
2424980
2424986
2424545
2425029
2425786
2425015
2425018
2424663
2424994
2424951
2425039
2425028
2425011
2424992
2425207
2424186
2424987
2425035
2425024
2425617
2425791
2425021
2425087
2425055
2425400
2424933
2425032
2425027
2425016
2425011
2425153
2425025
2425038
2425965
2425018
2425042
2425039
2424788
2425056
