3500118
3500617
3499855
3499853
3499857
3499859
3501129
3499851
3499886
3499843
3499860
3499873
3499484
3499867
3499859
3499845
3499853
3501154
3499860
3499870
3499868
3499867
3499844
3499852
3499845
3500064
3499928
3499848
3499870
3499832
3499874
3499878
3499876
3499846
3499858
3499860
3499883
3499870
3499855
3499853
3499856
3499853
3499837
3499856
3499871
3499895
3499874
3500130
3499869
3504201
3499855
3500372
3499836
3499926
3499828
3499855
3499865
3499943
3500518
3499843
3499849
3499844
3499902
3499878
3499853
3501440
3499858
3500380
3500230
3499849
3501734
3499899
3500138
3499862
3499870
3499871
3499831
3499849
3499844
3500724
3499860
3499835
3504043
3500587
3500049
3499843
3499843
3499864
3499883
3499851
3499873
3500640
3502203
3499843
3499842
3500121
3499834
3499843
3499848
3499857
3499843
3499867
3499872
3499918
3499861
3499839
3499849
3499901
3499864
3499916
3499897
3499844
3499862
3499856
3500172
3499904
3499849
3499885
3499871
3499907
3499836
3499858
3499934
3499855
3499886
3499880
3499855
3499868
3499869
3499848
3499842
3499841
3499840
3499849
3499845
3499860
3499857
3499853
3499852
3500067
3499840
3499844
3499842
3500049
3499853
3499827
3499843
3499871
3499849
3499842
3499903
3499863
3499851
3509234
3499847
3499738
3499639
2424887
2424954
2424830
2424883
2424879
2424875
2424835
2424833
2424865
2424897
2424907
2424858
2424903
2424912
2424863
2424896
2424882
2424865
2424890
2425001
2424893
2424859
2424861
2424862
2425336
2424856
2424847
2424889
2424867
2424794
2424845
2424852
2424903
2424827
2424855
2424762
2424822
2424813
2424838
2424886
2424867
2424808
2424844
2424857
2424866
2424864
2424736
2424792
2424933
2424819
2424897
2425416
2424899
2424898
2424835
2424891
2424886
2424860
2424921
2424910
2427490
2424852
2424603
2429111
2424838
2424831
2424895
2427171
2424893
2425175
2424886
2424910
2424909
2424891
2424885
2425071
2424898
2424889
2424910
2425963
2424875
2424915
2424886
2424880
2424931
2424904
2424889
2424896
2424890
2424907
2424888
2424708
2424885
2424874
2424868
2424891
2424784
2424732
2413986
2424866
2424892
2424755
2424917
2420152
2424905
2424606
2424889
2410991
2424321
2415324
2424985
2424899
2424849
2424875
2424740
2424846
2424865
2424886
2424893
2424896
2424893
2424909
2424903
2425777
2424900
2424894
2424890
2424892
2425630
2424937
2424883
2424916
2424915
2424917
2425255
2424902
2425205
2424884
2424888
2424898
2424904
2424882
2424908
2424896
2424907
2424525
2424720
2424900
2424853
2424901
2424922
2426135
2416641
2425307
2424405
2424913
2424892
2424901
2424899
2424916
2424886
2424914
2599882
3324863
3499845
3500488
3499878
3499883
3499849
3499852
3499834
3488048
3499877
3500161
3488065
3499873
3499850
3499831
3499832
3499856
3499834
3501301
3499883
2624257
2420840
2414213
2424864
2424879
2424889
2424832
2426454
2424858
2424713
2424832
2424534
2424959
2426490
2424904
2424901
2425220
2424904
2424910
2424878
2424909
2424913
2425435
2424902
2424841
2424901
2425012
2424893
2424899
2424880
2424898
2416657
2416676
2424904
2416660
2424905
2424910
2424882
2424902
2424892
2424110
2424906
2424982
2424883
2424797
2424885
2424909
2424896
2624911
3349927
3499876
3499852
3499845
3499855
3499862
3499871
3499830
3500299
3399797
2424827
2424865
2424739
2424785
2424880
2424898
2424809
2424893
2424972
2425297
2424892
2424916
2417439
2424934
2425927
2425353
2424889
2424915
2424749
2424893
2424900
2424912
2424912
2425271
2424919
2424910
2424922
2424891
2424973
2424904
2426835
2424885
2424987
2424901
2424820
2439516
2424869
2424900
2424919
2419931
2424827
2421559
2418627
2424907
2424859
2424910
2425169
2424905
2424888
2424904
2424894
2408658
2424898
2424905
2424905
2424895
2424895
2408387
2424931
2424911
2424910
2424916
2424903
2424913
2424916
2424912
2424903
2424909
2424914
2474711
3224787
3124895
3249877
3224879
3371557
3124882
3222921
3274871
3224888
3274887
3167940
3224899
3249137
3224892
3174890
3194534
3249741
3224892
3324899
3199878
3249897
3224880
3224889
3310871
3174879
3268803
3267193
3249879
3242083
3199880
3224871
