3499871
3500002
3501383
3499853
3499866
3499832
3500474
3499844
3500174
3499878
3499823
3499850
3499879
3499839
3499842
3499894
3499864
3499829
3499869
3499840
3499853
3499869
3500437
3500010
3499886
3499855
3500190
3499853
3499875
3499852
3499845
3499875
3500083
3499865
3499876
3499859
3499874
3499969
3499852
3499847
3500088
3499852
3499842
3499855
3499855
3499857
3499876
3499870
3499954
3499864
3499868
3499866
3499848
3499853
3499848
3499833
3499866
3499856
3499826
3499853
3499833
3499884
3499878
3499847
3499995
3499852
3499878
3499852
3499866
3499849
3499837
3499867
3499873
3499842
3499879
3500029
3500159
3499873
3499845
3499841
3499852
3499833
3499876
3499827
3499849
3499856
3499824
3499930
3499884
3499871
3499862
3500721
3499872
3499874
3499857
3499860
3499883
3499863
3499852
3499877
3503298
3499894
3500015
3499860
3499860
3500753
3499886
3499849
3499862
3499839
3500399
3499859
3499892
3499874
3499861
3499861
3499855
3499872
3499849
3499875
3499869
3499848
3499930
3499853
3502019
3500125
3499837
3499894
3500611
3499859
3499855
3502292
3499838
3499765
3499882
3361701
2424916
2424929
2424868
2424877
2424870
2424919
2424964
2425067
2425138
2424876
2424876
2425072
2424820
2424925
2424886
2424922
2425055
2426005
2424903
2425160
2424854
2424901
2425922
2424915
2424845
2424914
2424863
2424848
2424955
2424861
2424896
2424892
2425045
2424804
2428141
2424902
2424885
2424921
2424956
2424809
2424889
2424866
2424862
2424881
2424882
2424888
2424916
2424884
2424863
2424818
2424887
2424848
2424868
2424826
2425226
2425097
2424895
2424877
2424867
2424872
2425553
2426074
2424887
2424820
2425989
2424910
2424898
2424912
2424903
2424879
2424902
2424938
2424899
2424884
2424893
2424892
2424889
2424897
2424916
2425224
2424904
2424902
2424895
2424890
2424904
2424913
2424912
2424901
2424886
2424894
2424848
2424884
2424891
2424890
2424886
2424851
2424916
2424882
2424888
2424898
2424919
2424859
2424875
2425225
2424838
2424889
2424924
2425065
2422654
2410620
2424885
2424892
2395091
2424824
2397553
2414039
2414507
2424851
2423979
2424959
2424808
2424678
2424897
2407485
2420683
2422467
2424999
2424890
2415791
2424914
2424401
2424916
2424896
2424907
2420736
2424897
2424892
2420128
2424893
2425086
2425356
2424907
2413739
2424920
2425027
2424914
2424916
2424539
2423806
2424908
2424919
2424956
2424903
2424915
2424733
2424747
2424903
2425710
2424903
2424895
2424893
2424907
2424804
2949863
3499831
3499877
3499865
3499880
3499837
3499833
3499869
3488067
3500876
3499861
3499747
3499982
3500027
3499838
3499880
3488068
3499858
3499970
3499818
2868963
2424853
2424614
2424845
2424915
2424886
2417551
2424896
2424854
2424745
2424831
2424901
2424993
2424892
2424877
2425009
2424896
2424898
2424905
2425317
2424464
2424888
2424730
2424892
2424762
2424907
2416632
2424915
2425957
2425367
2424916
2424740
2424866
2424886
2424903
2424888
2424901
2424892
2424913
2424905
2424809
2424548
2425005
2424983
2424894
2427090
2424986
2424909
2748355
3499227
3499861
3499836
3499873
3500329
3499853
3499906
3499852
3499830
3099572
2424852
2423437
2424873
2424826
2424874
2424899
2424887
2424894
2424907
2424917
2425209
2424908
2424899
2424888
2424719
2424927
2424901
2425026
2425255
2424900
2424869
2424886
2424902
2424831
2424746
2424909
2424924
2422850
2424971
2424895
2424819
2424899
2424893
2424881
2423577
2424643
2424803
2424809
2424850
2424572
2424621
2424880
2424904
2424888
2424890
2424896
2424901
2424904
2424918
2424951
2424886
2424912
2424914
2424830
2424930
2424817
2424905
2424925
2424906
2424927
2424914
2424922
2424909
2424930
2424909
2424922
2424915
2424904
2949909
3499859
3174888
3249890
3227398
3225061
3222471
3224868
3224384
3224913
3158518
3199881
3299911
3271245
3324914
3224672
3174878
3201252
3239507
3274876
3174456
3174897
3224886
3275255
3224974
3299878
3238939
3272658
3249869
3299874
3199894
3174885
3261043
3199880
3271452
3224892
3224896
3224870
3208876
3265818
3225664
3249896
3324896
3249884
3159631
3149884
3176937
3274892
3374949
3149898
3199887
3374866
3249722
3374377
