3499854
3499734
3499863
3499841
3500405
3499863
3499883
3499874
3499869
3499845
3499845
3499849
3502038
3499838
3499861
3499864
3499870
3499848
3499906
3499849
3499838
3502241
3499983
3500674
3499896
3499871
3500134
3499853
3488097
3499836
3499863
3500715
3499876
3499861
3499872
3488071
3499941
3499833
3500580
3499865
3504154
3499855
3500196
3499390
3499957
3499865
3499864
3499833
3499854
3500424
3499888
3499915
3499860
3499859
3499872
3499858
3500037
3488100
3499836
3499870
3499870
3499845
3499850
3499798
3499846
3499845
3500115
3499844
3499847
3499889
3499843
3499476
3500249
3500084
3499853
3499865
3499855
3499840
3499860
3499862
3499899
3499853
3500305
3499870
3499873
3499874
3499855
3499833
3499870
3499822
3499854
3499879
3499884
3499864
3501867
3499835
3500159
3499879
3499836
3499846
3498859
3499851
3500440
3500063
3499873
3499740
3499854
3499876
3499787
3499831
3501471
3499378
3499866
3499889
3499538
3499766
3499840
3499250
3501365
3499866
3499902
3499850
3499855
3504313
3488066
3499831
3499866
3499832
3500180
3499823
3499932
3499862
3499937
3499850
3499913
3500760
3499465
3499863
3499840
3499806
3499870
3499886
3499904
3499867
3499853
3499867
3499839
3499847
3499916
3499858
3499830
3499855
3499878
3499870
3499843
3499909
3499847
3499810
3499852
3499888
3499848
3500276
3499749
3499713
2424953
2424928
2424900
2426246
2424870
2424825
2424845
2424882
2424841
2424842
2424874
2424974
2425052
2424824
2425413
2424871
2424807
2424898
2424856
2424906
2424867
2424868
2424900
2424914
2424897
2424880
2424869
2424866
2424884
2424909
2424831
2424901
2424782
2424911
2424914
2424836
2424909
2424819
2424794
2424882
2424877
2424858
2425167
2424857
2424902
2424970
2424840
2424916
2424893
2424832
2425065
2424842
2424860
2424889
2424807
2424854
2424883
2424879
2424838
2425041
2425359
2425035
2424867
2424794
2424875
2424754
2424911
2424880
2424909
2424896
2424901
2424893
2424827
2424899
2424907
2424878
2424902
2424885
2425054
2424894
2424901
2424803
2424907
2424884
2425282
2424907
2424902
2424892
2424920
2424834
2424876
2424867
2424866
2424904
2424897
2424729
2424805
2424857
2424772
2424849
2424906
2424913
2424869
2409033
2424852
2424623
2424873
2424873
2413756
2415968
2424844
2424749
2424829
2424886
2415011
2424827
2423551
2424904
2424925
2424288
2424916
2424687
2424969
2424904
2424875
2424910
2424060
2424884
2424888
2425005
2424876
2424904
2425176
2425561
2424889
2424913
2424890
2424887
2424882
2424914
2424907
2425070
2424850
2425333
2424886
2424864
2416661
2424899
2424905
2424482
2424873
2424924
2424897
2426098
2425756
2416633
2424890
2424836
2424940
2426098
2424910
2424925
2837037
3499833
3502058
3500026
3499875
3500048
3499846
3499861
3499849
3499865
3499851
3499864
3499862
3500080
3499863
3500335
3500250
3502397
3499874
3499875
3499855
3293444
2424952
2424858
2415121
2425479
2424615
2424875
2423857
2424890
2415839
2424878
2424829
2425795
2424897
2424893
2424908
2424888
2424694
2424918
2424872
2424884
2424885
2416678
2416661
2426380
2424958
2424805
2424904
2424919
2424903
2424919
2424924
2424935
2424893
2424865
2425177
2424914
2424909
2424888
2416667
2424883
2424790
2424904
2424926
2425264
2424910
2424705
2424893
3074826
3499909
3499829
3499914
3499852
3499861
3499876
3499799
3499873
3499858
3499880
3275352
2424740
2424926
2425199
2424853
2424906
2424895
2424869
2424893
2424886
2424850
2425580
2424879
2424850
2424887
2424893
2425056
2425172
2424896
2425044
2424903
2424897
2424889
2424807
2424615
2424616
2424888
2424748
2424916
2424107
2424536
2424884
2424839
2425258
2425320
2424884
2424081
2424686
2425143
2424877
2424788
2424883
2424933
2424839
2424903
2424896
2424907
2424922
2424644
2424906
2424930
2424889
2424906
2424897
2424863
2425140
2425215
2424919
2424925
2424932
2424902
2424916
2424925
2424917
2424925
2424906
2424912
2424933
2424913
2524914
3291388
3149883
3249894
3164180
3224890
3182700
3199744
3349877
3099889
3249886
3249587
3274904
3324890
3217046
3374880
3147541
3150029
3227066
3249900
3274885
3249881
3199884
3224892
3274905
