3500477
3499865
3499882
3499878
3499872
3499856
3499893
3499850
3499861
3499841
3534472
3499869
3499863
3499975
3499979
3499870
3499854
3499885
3499879
3499916
3499889
3499908
3499852
3499842
3502274
3499869
3499864
3499890
3501014
3499922
3499857
3499903
3499860
3499861
3499854
3499835
3499894
3499851
3499834
3499849
3499842
3499833
3500458
3499869
3499837
3499997
3499855
3499871
3499859
3499873
3499864
3500988
3499880
3501289
3500096
3500882
3499922
3499873
3499861
3499859
3499926
3499849
3500762
3500963
3499840
3499881
3499910
3499857
3499866
3499842
3499837
3499840
3500757
3499866
3499851
3499870
3499865
3499838
3499863
3499848
3499857
3499839
3499847
3499850
3499858
3499829
3499859
3499854
3499857
3499893
3499879
3499866
3499945
3499851
3499835
3499839
3499848
3499874
3499859
3499853
3499871
3499860
3499884
3499875
3500388
3499869
3499878
3499832
3499848
3499836
3499851
3499838
3499855
3499870
3499867
3499848
3500610
3499854
3499853
3499872
3499853
3499855
3499844
3500806
3500764
3499840
3499875
3499862
3499857
3499873
3499844
3499906
3499869
3499891
3500468
3499875
3499875
3499870
3499854
3499948
3499878
3499876
3500834
3499821
3485154
2424869
2424942
2424872
2424809
2424906
2424851
2424897
2424860
2424804
2424879
2424885
2424866
2424874
2424803
2424857
2424892
2424898
2424848
2424731
2424888
2424865
2424887
2424857
2424872
2424874
2424858
2424866
2424826
2425304
2424880
2424820
2424880
2424888
2424922
2424845
2425078
2424858
2424799
2425332
2425016
2424894
2424880
2424893
2424906
2424810
2424851
2424891
2424920
2424897
2424884
2424908
2425041
2424882
2424891
2424887
2424911
2424837
2424872
2424908
2424796
2424975
2424880
2424787
2424960
2424854
2424884
2424907
2424899
2424920
2424896
2424932
2424929
2424917
2424899
2424963
2424894
2425936
2425167
2424886
2424900
2424962
2424929
2424838
2424908
2424901
2424898
2424900
2424895
2424919
2424904
2424822
2424895
2424863
2424874
2424885
2424750
2424924
2424882
2424794
2425271
2424827
2424841
2425168
2424889
2424897
2424897
2424899
2424908
2424824
2424898
2424875
2424956
2424884
2424749
2424894
2424875
2424876
2424895
2424897
2424909
2424916
2424897
2424875
2424905
2424904
2424933
2424897
2424901
2424905
2424903
2424911
2424898
2424927
2424902
2424906
2424891
2424931
2424904
2424910
2424903
2424902
2424904
2424897
2424919
2424888
2424949
2424877
2424908
2424914
2424914
2424904
2424899
2424899
2424907
2424896
2425148
2424909
2425076
2424898
2424906
2424904
2424920
2651178
3395012
3499854
3499923
3499847
3499903
3501045
3499850
3501456
3499856
3499887
3499864
3499868
3499880
3499849
3499828
3499853
3499857
3499835
3499873
3499762
3499804
2974837
2424870
2424857
2424846
2424755
2424910
2424846
2425114
2424859
2424881
2424731
2424954
2424914
2424899
2424929
2424891
2424906
2424883
2424902
2424912
2424914
2424913
2425085
2424896
2425096
2424905
2424890
2424917
2424933
2424927
2424893
2424900
2424914
2424898
2424886
2424886
2424889
2424882
2424922
2424908
2424873
2424898
2424895
2424886
2424900
2424915
2823337
3499850
3499832
3499887
3500725
3499871
3499865
3499868
3499846
3499836
3501534
3499741
2874888
2424927
2424821
2414756
2424870
2426582
2424884
2424885
2424995
2424900
2424903
2424915
2424882
2424924
2424893
2424947
2424848
2424884
2424901
2424977
2425178
2424879
2424969
2424906
2424918
2424951
2424895
2424938
2424407
2424893
2424587
2423366
2424909
2425627
2424910
2424896
2424829
2424906
2424890
2424829
2424863
2424905
2424876
2424911
2424869
2424912
2429859
2424915
2424893
2424909
2424893
2424853
2424898
2424919
2424891
2425550
2424828
2425934
2424908
2424903
2424919
2424928
2424914
2424903
2424912
2424906
2424926
2424934
2424935
2424922
3124868
3115968
3217109
3249890
3299884
3224889
3224873
3249889
3224878
3199892
3222749
3224893
3240815
3191128
3255947
3199884
3274903
3274680
3310789
3224884
3233989
3199884
3224887
3249893
3234224
3199894
3276781
3249881
3349883
3174881
3224859
3183946
3224505
3349868
3249889
3199883
3208712
3217263
3242830
3349887
3274894
3149881
3224895
