3500277
3500043
3500260
3501345
3500079
3500195
3500041
3501913
3500048
3500076
3500053
3500067
3500066
3500055
3500065
3500061
3500080
3500077
3498145
3488262
3500078
3499624
2425026
3500052
3499667
3500065
3500031
3498350
3500065
3499764
3500045
3500048
3500048
3500047
3500059
3500069
3500056
3500038
3500225
3500048
3500523
3500056
3500129
3500081
3500045
3500126
3500061
3500083
3500048
3500037
3499403
3500066
3499757
3500088
3500070
3500045
3500089
3499587
3500080
3500060
3500043
3500064
3500046
3500038
3500035
3500036
3500075
3500074
3488281
3500051
3501377
3500036
3488276
3500073
3492958
3500044
3500036
3488285
3500091
3499751
3500062
3488307
3500070
3500067
3500043
3488298
3499757
3500047
3500060
3501710
3500068
3500075
3500073
3500064
3500080
3500041
3500074
3500610
3500063
3500108
3500038
3500054
3500124
3500228
3501897
3500098
3500068
3500056
3500834
3502371
3500043
3500041
3500048
3500067
3500046
3500065
3500060
3500067
3500061
3500051
3500041
3500059
3500741
3500042
3500047
3500103
3500040
3500090
3500042
3500073
3500070
3500656
3495370
3500129
3500133
3500072
3500052
3500056
3500065
3502234
3501343
3501547
3500061
3499995
3500077
2892204
3500052
3500008
3500035
3499906
3499896
3459867
3500034
3503468
3500068
2435592
2425042
2424979
2424926
2425042
2424993
3499957
2974412
2741027
3500100
2424993
2425025
3500032
3500065
3500006
2425036
2424975
3281573
3133306
3500015
3500002
2425090
3500796
3500056
2542020
3500828
3500050
3500020
3500699
3499040
3500082
3499875
3500114
3500070
2424921
3499824
2674648
3499980
3143933
3499994
3499875
3504987
3500004
3500052
3499882
2424980
2425048
3499977
2950056
2425985
2425001
2425054
2424925
2425161
2424994
2425052
2425015
2538675
2425038
2425041
3500063
3500058
3500042
3500089
3500054
3500055
3500044
3500050
3500079
3500040
3500054
3501725
3500086
3481978
3501870
3500055
3500274
3500048
3374919
3500008
3501125
3500023
2425039
2368551
2419522
2425014
2424703
2424926
3499964
3500005
3500001
3499999
3499916
3500078
3500048
3499970
2424967
2425032
2425027
2424981
2424989
3499988
3500016
3500054
2425025
3500171
3500050
3500050
3500046
3500079
3499999
3499970
3500066
3500034
3499655
3500063
3500049
3500056
3500065
3500047
3500104
3500035
3500066
3500009
3500056
3500078
3500024
3500067
3500072
3500081
3500072
3500032
3500510
3500067
3500032
3500035
3500043
2425058
3500332
3500062
3500272
3500073
3500061
3500071
3500161
3500156
3500051
3500077
3500074
3500086
3500026
3500053
3500072
3500052
3500038
3500194
3500058
3500055
3500082
3500037
2425034
3499986
3499927
3500012
3402239
2567130
2424967
2424992
3500010
2424924
3499998
3499993
3500026
3499988
2425027
2424985
3499236
3500036
3500075
3500064
3500060
3500064
3500072
3500122
3500079
3500045
3500077
3500032
3500078
3495170
3500118
3499976
3500051
3500056
3500056
3500055
3500060
3500139
3500037
3500050
3500035
3503213
3500073
3500044
3500035
3500075
3500053
3501844
3500033
3500502
3500074
3500110
3500008
3500053
3499976
2562004
2424942
2423510
2424967
3500062
3500003
3500059
3500069
3500038
3500058
3500043
3500068
3500028
3500072
3500045
3500046
3500087
3500092
3515554
3500050
3500048
3500096
3500896
3500030
3500452
3500067
3499559
3500048
3501400
3500010
3499958
3500104
2424710
3500089
3499974
3500052
3499989
3503842
3500060
3500072
3500041
3500059
3500051
3500232
3500251
3500057
3500064
3500062
3500067
3250078
3193328
3275067
3175059
3175913
3203481
3276005
3127253
3175075
3200627
3225732
3250056
3176027
3225060
3199384
3200066
3325073
3274943
3125077
3250070
3249181
3252019
3225058
3274018
3150060
3225062
3204062
3276391
3127702
3150061
3175062
3300066
3225081
3275075
3300075
3151089
3225077
3250085
3250058
3208951
3275077
3200083
3300077
3200964
3275075
3175381
3250040
3175065
3226053
3200059
3275059
3250066
3250045
3125067
3325064
3200072
3350643
3250075
3350079
3200068
3225064
3228600
3302671
3275071
3275038
3123272
3350058
3100064
3125070
3125075
3174496
3175072
3251609
3300071
3150065
3225069
3202363
3200066
3175085
3225068
3272429
