3500060
3500985
3500052
3500055
3499948
3500052
3500438
3500056
3500016
3500164
3500056
3500046
3500046
3500057
3500032
3500053
3500043
3500046
2933298
3500056
3500046
3500074
3500087
3500084
3500066
3500060
3500024
3500071
3500110
3500046
3500070
3500052
3500154
3500081
3500016
3500091
3500069
3500030
3501789
3500064
3500081
3500073
3500059
3500059
3500062
3500058
3500047
3500058
3500030
3500053
3500047
3500045
3500021
3500060
3500346
3500149
3500022
3500048
3500045
3500111
3500043
3500067
3500055
3500101
3500022
3500048
3500052
3500054
3500035
3500052
3500056
3500037
3500261
3500061
3500068
3500033
3500068
3500083
3500057
3500078
3500027
3500103
3500064
3500089
2437796
3499971
3499673
3500047
3500030
3500046
3500030
3500047
3500073
3500057
3500069
3500079
3500068
3511829
3500042
3502446
3500039
3500069
3500065
3500084
3500040
3500062
3500077
3500053
3500044
3500051
3500078
3500106
3500059
3500246
3500064
3500129
3500047
3500057
3500013
3500056
3500069
3500064
3500210
3500045
3500058
3500062
3500089
3500041
3500103
3500065
3500500
3500070
3500049
3500082
3501590
3500057
3499965
3499935
2342110
3500069
3500056
3499977
3500151
3500015
2643676
3499043
2424990
3500714
3499981
3499971
3499983
3499735
3500023
2642350
3500014
3500001
3500045
3496481
3500089
3500500
3500519
2436839
3499965
3500050
3451095
3499846
3500051
3499992
2924890
2425020
3497526
3501518
3495520
3500008
2424952
2425022
2425051
2424917
2425002
3499979
3499980
2714132
3501278
3499880
2425007
3499964
3499895
2425010
3500791
3500017
3500074
3416283
2425043
3500115
3499939
3500003
2425031
3500063
3500001
3500004
3499995
3500178
3499913
2322211
2594791
2425008
2425013
2425032
3500057
3500062
3500057
3498139
3499775
3500070
3500062
3500048
3500043
3500041
3499478
3483253
3500042
3501943
3500160
3500063
3499930
3501353
3500743
3500096
3497055
2425017
2425569
3500039
2424991
2424965
2424999
3500041
2425004
3499846
3500038
3500013
2424980
3499989
3500032
3500037
3499997
3499852
3472311
2544634
3500062
3500072
3500020
3499977
3499995
3500033
2424960
2424508
3500029
3499938
3500047
3500110
3500057
3500199
3500062
3500067
3500053
3500060
3500063
3500058
3488272
3500045
3500034
3499983
3499971
3500019
3500082
3500084
3500043
3500050
3500053
3500055
3500055
3500080
3500036
3500062
3500034
3501038
3500064
3500067
3500055
3500068
3500074
3500072
3500081
3500056
3500048
3500067
3500055
3500104
3500058
3501742
3500121
3502487
3500206
3500058
3500056
3500060
3500040
3500055
3500081
3500132
3500076
3500052
3500005
2484600
2425037
2425533
3500098
2424971
3501085
3500011
3483305
3500006
3499988
3500074
3499997
3499905
3500050
3500035
3500058
3500055
3499830
3488275
3500129
3500068
3500051
3500081
3500064
3500064
3500067
3500028
3500044
3488266
3500053
3500618
3500040
3500057
3499548
3500047
3500066
3500089
3500075
3500050
3500053
3488266
3500069
3500423
3500052
3500060
3500060
3500055
3501023
3499682
3500025
3500053
3483455
3500016
3499991
3499987
3500007
2606777
2424803
3500216
3500049
3500046
3500083
3500068
3500152
3500373
3500370
3500052
3499999
3500050
3500035
3500080
3500037
3500051
3502284
3500065
3500055
3500067
3500058
3500064
3500031
3500561
3500131
3500203
3500210
3500001
3500037
3500320
2425015
3500042
3500038
3500071
3500019
3500149
3500097
3500042
3500061
3500070
3500061
3500504
3500078
3500030
3500065
3166817
3325078
3225078
3225072
3261203
3299305
3250062
3325472
3225107
3204537
3275072
3175065
3225071
3219720
3275071
3200068
3265412
3300058
3200110
3172813
3300072
3325082
3300078
3114519
3235680
3125070
3212202
3250061
3325059
3195421
3200061
3200060
3282868
3225112
3275051
3176076
3156016
3225070
3328420
3248464
3286247
3200064
3207342
3250080
3250079
3231596
3220980
3200088
3255041
3275071
3225083
3225065
3236980
3182859
3200055
3250605
3176424
3249471
3121113
3225079
3224978
3287070
3325361
3300087
3225083
3321181
3255700
3284089
3282506
3150119
3250045
3132210
3150092
3162184
3154328
3241193
3252724
3247141
3229135
3154891
3210279
3250085
3250061
3200069
3200068
