3500075
3500596
3500045
3500053
3500072
3500338
3500053
3500064
3500069
3500057
3500072
3500038
3500034
3500088
3500064
3500073
3500284
3500081
3500343
3500029
3500070
3500065
3501362
3500052
3500041
3500087
3500123
3500115
3500076
3500044
3500055
3500070
3500020
3500074
3500120
3501071
3500058
3500941
3500412
3500078
3500040
3500056
3501088
3500043
3500041
3500053
3500064
3500042
3500167
3500038
3500066
3500065
3500048
3500050
3500059
3500047
3500064
3500060
3500050
3500058
3500306
3500041
3500047
3500066
3501136
3500045
3500050
3500055
3500330
3500071
3500043
3500061
3500148
3500084
3500056
3500067
3500050
3500073
3500044
3500058
3500070
3500063
3500184
3500024
3500032
3500050
3500055
3500040
3500036
3500278
3500069
3500076
3505949
3500043
3500076
3499853
3500085
3500065
3499990
3500026
3500062
3488275
3500012
3500062
3500085
3500066
3500051
3500049
3500073
3500037
3500025
3500444
3500022
3500069
3500047
3500048
3500054
3500046
3500067
3500053
3500361
3500601
3500069
3500052
3499805
3501478
3501412
3500058
3500121
3500068
3500026
3500075
3500619
3502061
3499912
3500002
3500043
3488274
3500052
3499790
3500042
3500476
3500041
3500021
3500402
3500087
3499765
3500091
3498935
3500080
3500056
3501853
3500078
3500040
3500036
3499998
3500060
3500119
3500056
3500033
3500072
3500030
3499895
3500315
3500383
3488251
3500048
3500026
3500100
3500041
3500049
3500045
3500066
3500051
3500035
3500055
3500047
3500148
3501398
3499963
3500036
2598980
2425055
2425003
2424900
2424971
2424998
2424999
2424995
2425141
2425012
2425045
2425018
2425034
2424897
2425002
2424973
2425045
2425035
2424912
2425031
2425003
2425002
2425029
2425390
2425070
2425062
2426172
2425585
2425184
2425015
2425043
2425031
2425021
2424953
2425007
2425042
2424964
2424987
2425024
2425012
2424992
2424986
2424940
2424990
2425035
2425009
2425027
2425041
2424923
2424966
2425004
2425039
2425033
2425034
2427809
2425045
2425012
2424992
2425030
2425113
2425077
2424944
2425022
2426322
2425066
2425010
2425032
2425038
2425044
2425042
2425043
2425051
2425055
2425053
2425036
2425043
2425050
2425043
2425033
2425036
2425100
2425038
2425048
2425426
2425005
2425036
2425109
2425041
2425045
2425043
2424877
2425004
2425033
2425002
2425003
2424973
2425024
2425019
2424993
2424978
2425083
2424984
2425041
2425515
2424995
2425029
2425047
2424962
2425077
2425033
2425053
2425041
2424954
2424953
2424980
2425007
2425033
2425043
2425046
2425117
2425040
2425038
2425023
2425045
2425055
2425336
2425034
2425053
2425054
2425031
2425041
2425236
2425027
2425050
2425072
2425181
2425045
2424985
2425032
2425042
2425489
2425027
2425050
2425030
2425048
2425028
2425061
2425077
2425023
2425011
2425076
2425459
2425047
2425020
2425424
2425074
2425053
2425059
2425464
2425062
2425037
2425061
2425086
3072037
3500097
3500050
3500083
3500029
3500047
3501585
3500107
3500815
3500069
3500055
3500194
3500071
3500032
3500099
3500054
3500055
3500066
3500052
3501861
3500344
2916858
2425024
2425029
2425047
2424993
2425027
2425015
2425051
2425953
2424996
2425010
2425034
2425033
2425056
2425375
2425068
2425052
2425023
2425035
2425046
2425034
2425028
2426455
2425031
2425042
2425056
2425031
2425038
2425036
2425040
2425051
2425031
2425031
2425041
2425043
2425041
2425027
2425027
2425048
2425106
2425010
2425035
2425024
2425044
2425153
2425046
2825054
3500036
3500064
3500140
3499922
3488279
3500069
3500281
3500050
3489853
3501126
3499894
2969146
2424877
2424837
2424936
2425027
2425064
2425033
2425039
2425027
2425030
2425105
2425041
2426209
2425044
2425048
2425032
2425043
2425049
2425035
2425043
2425093
2426006
2425034
2425058
2425046
2425108
2425041
2425049
2424978
2425044
2425071
2425041
2425037
2425030
2425023
3074394
3499976
2424964
2425050
2425026
2425021
2425027
2425001
2425033
2425460
2425068
2425038
2425040
2425032
2425029
2425028
2425735
2425046
2425042
2425052
2425042
2425833
2425034
2425045
2425044
2425051
2425056
2425047
2425046
2425047
2425051
2425048
2425049
2425049
2525040
3295967
3160887
3175067
3125061
3267661
3197359
3219577
