3500041
3500458
3500273
3500071
3500047
3500050
3500028
3500042
3500033
3500056
3500040
3500036
3500028
3500399
3500009
3500106
3500115
3500059
3500057
3500024
3500537
3500058
3501215
3500066
3500058
3499899
3500067
3500033
3506435
3500070
3499782
3500139
3500059
3500046
3500310
3500060
3500079
3500087
3500060
3500037
3500041
3500061
3500085
3500191
3500029
3500047
3500046
3500073
3500233
3500034
3500041
3500425
3500050
3500054
3500074
3500040
3500051
3500075
3500071
3500491
3500058
3500064
3500081
3500053
3500064
3500038
3500042
3500279
3500078
3500053
3500069
3500073
3500240
3500082
3500040
3500294
3500045
3501058
3500059
3500401
3500039
3500046
3500054
3500049
3501978
3500043
3500323
3500115
3500061
3500279
3500053
3500058
3500084
3500093
3500053
3500061
3500033
3500054
3500157
3500043
3500058
3500076
3500066
3500047
3500034
3500047
3500110
3500041
3500082
3500048
3500261
3500069
3500070
3500048
3500058
3500093
3500047
3500095
3500051
3500066
3500044
3500065
3503702
3500055
3500069
3500086
3500060
3500039
3500081
3500055
3500050
3500065
3500067
3500132
3501606
3500059
3500205
3500032
3501391
3500065
3500054
3500045
3500076
3500306
3500044
3500043
3500065
3500374
3500061
3500050
3500070
3500033
3500038
3500055
3500080
3500053
3500045
3500046
3499952
3500675
3500067
2425067
2425057
2424959
2425034
2425002
2425026
2425052
2424867
2426468
2424923
2425033
2424999
2424925
2425031
2425062
2425045
2425032
2425046
2425041
2425027
2425024
2425923
2424959
2424905
2424987
2425032
2425003
2425018
2424985
2425041
2424987
2425034
2424967
2425030
2425022
2424952
2424990
2424994
2425018
2425023
2424987
2424967
2425023
2425026
2424977
2425067
2425036
2424953
2425046
2424956
2424981
2425046
2425003
2425012
2425579
2424986
2424953
2425036
2425021
2425021
2425018
2424963
2424865
2424949
2424935
2425037
2425038
2425035
2425034
2425042
2425034
2425633
2425028
2425022
2425038
2425027
2425039
2425040
2425018
2425037
2425046
2425038
2425050
2425029
2425035
2426755
2425042
2425037
2425054
2425050
2425005
2425678
2425015
2425026
2425027
2424972
2424999
2424998
2425013
2425014
2425014
2424993
2424994
2425045
2425036
2425001
2424993
2424979
2426747
2425002
2425043
2425066
2425025
2425016
2425072
2424892
2424959
2425046
2425024
2425027
2425047
2425023
2425029
2425038
2425026
2425035
2425035
2425036
2425048
2425060
2425117
2425045
2425042
2425025
2425041
2425045
2425031
2425044
2425046
2425027
2425042
2425048
2425041
2425085
2427052
2425055
2425068
2425056
2425041
2425064
2425061
2425024
2425024
2425051
2425043
2425494
2425049
2425049
2425131
2425050
2425199
2425054
2425029
3050049
3500040
3500072
3500060
3500076
3500060
3500058
3500052
3500125
3500072
3500128
3500040
3500060
3500148
3500059
3500499
3500068
3500786
3500082
3500177
3499190
2449623
2425046
2425005
2424917
2425055
2424863
2423651
2425019
2424974
2425077
2425023
2425026
2425060
2425945
2425494
2425145
2425017
2425029
2425048
2425043
2425035
2425042
2425017
2425050
2425054
2425034
2425073
2425090
2425041
2425049
2425037
2425032
2427169
2425044
2425025
2425054
2425047
2425828
2425025
2425027
2425045
2425011
2425163
2425032
2425344
2425056
2575371
3300049
3500036
3500061
3502949
3500290
3500055
3500052
3500058
3500071
3500043
3500030
2549749
2424906
2424976
2424996
2425014
2425036
2425048
2425031
2425034
2426225
2425028
2425044
2425017
2425040
2425036
2425036
2425049
2425061
2425030
2425056
2425024
2425084
2425030
2425049
2425041
2425052
2425079
2425039
2425044
2425038
2425025
2425189
2425039
2425042
2425103
2425040
2424989
2424997
2425040
2424988
2424975
2425102
2424981
2425112
2425577
2425037
2426959
2425036
2425792
2425016
2425096
2425059
2425053
2425041
2425032
2425035
2425027
2425057
2425050
2425047
2425057
2425067
2425054
2425040
2425048
2425038
2425058
2425056
2425058
2850066
3500067
3221757
3267465
3200056
3321838
3175068
3197643
3225064
3175063
3217991
3175084
3282470
3250072
3300073
3225053
3175074
3069862
3174775
3262501
3225069
3150060
3214696
3210841
3261542
3195374
3275068
3124910
