3500041
3501427
3500043
3501639
3500032
3500062
3500113
3500056
3499965
3500077
3500133
3500042
3500119
3500029
3489815
3500086
3498399
3500064
3500035
3500001
3500082
3501149
3493537
3500056
3500099
3499551
3500038
3500052
3500046
3500011
3500045
3500057
3500079
3499706
3500432
3500046
3500202
3500208
3500071
3500492
3500093
3500052
3500195
3500069
3500065
3500081
3499400
3500074
3500057
3500062
3500070
3500320
3500034
3500050
3500060
3499965
3500289
3500052
3500083
3500060
3500251
3500069
3503719
3500227
3501314
3500066
3500070
3500059
3500060
3500057
3500065
3500059
3500072
3500023
3500051
3500048
3500063
3502511
3500062
3500062
3500060
3500044
3500118
3500035
3500423
3500045
3500061
3500044
3500054
3499973
3500077
3500783
3499984
3500041
3500103
3500070
3500045
3500166
3500066
3500228
3500096
3500051
3500121
3500060
3500073
3500054
3500229
3500185
3500256
3500045
3500163
3500122
3500050
3500061
3500079
3500068
3500074
3500076
3500049
3499491
3500060
3500067
3500052
3503573
3500079
3500083
3500193
3500059
3500072
3500072
3500051
3500030
3500083
3500067
3500162
3500069
3500074
3501162
3500078
3500122
3500069
3500718
3500066
3500048
3500062
3500057
3500321
3500053
3500063
3500084
3500047
3500188
3500040
3502951
3500074
3500050
3500059
3501044
3500336
3500076
3500041
3500045
3500052
3499998
3500067
3500070
3500041
3499080
2769286
2425050
2425039
2425114
2425040
2425018
2425162
2424980
2425013
2425000
2425024
2425014
2424910
2425015
2425005
2424933
2424963
2424987
2425036
2424940
2424889
2424959
2425720
2425002
2425022
2425019
2425008
2425072
2425047
2425053
2425016
2424801
2424974
2424986
2426237
2424954
2425480
2424994
2425030
2425013
2424995
2425089
2426061
2425012
2426304
2425286
2425016
2425037
2425057
2425006
2424927
2425122
2424927
2425022
2424996
2425014
2425044
2425050
2425030
2424943
2425013
2424933
2425059
2424994
2424979
2424973
2425030
2425029
2425034
2425042
2425121
2425049
2425023
2425035
2425035
2425032
2425453
2425035
2425045
2425037
2425041
2425040
2425040
2425048
2425459
2425032
2425059
2425029
2425040
2425030
2424983
2425043
2425010
2424970
2425043
2425040
2424947
2425037
2424970
2425044
2425021
2425011
2425036
2425617
2425054
2425016
2425027
2424954
2425010
2425109
2424970
2425087
2424953
2425016
2425006
2425227
2424999
2425048
2425045
2425051
2425049
2425027
2425041
2425067
2425044
2425033
2425033
2425027
2425046
2425153
2425112
2425026
2425030
2425031
2426259
2425035
2425063
2425036
2425029
2425058
2425049
2426092
2425046
2425028
2425031
2425032
2425379
2425082
2425030
2425020
2425039
2425014
2425051
2425039
2425037
2425042
2425129
2425036
2425046
2425018
2425639
2425035
2425065
2625035
3368949
3500018
3500618
3500091
3500052
3500074
3500061
3500024
3500324
3501119
3500066
3500132
3500079
3500087
3500070
3500099
3500056
3500054
3500000
3375032
2425019
2424945
2425017
2425021
2425039
2425015
2425028
2425055
2425021
2415671
2425001
2425020
2425046
2425832
2425024
2425495
2425033
2425029
2425034
2425015
2425052
2425039
2425050
2425040
2425051
2426109
2425030
2425048
2425054
2425051
2425031
2425049
2425029
2424937
2425036
2425046
2425051
2425056
2425115
2425045
2425034
2425061
2425036
2425050
2425046
2425065
2425042
2650063
3375520
3500064
3500046
3500097
3500054
3500102
3500043
3500110
3498575
3349985
2424993
2425021
2424917
2425013
2424968
2425288
2425051
2425035
2425044
2428183
2425059
2425029
2425031
2425020
2425035
2425068
2425032
2424618
2425038
2425034
2425038
2425031
2425052
2425018
2425032
2425031
2425053
2425003
2425030
2425213
2425010
2425052
2424979
2425172
3114530
3500067
2424858
2424992
2425024
2424946
2425002
2416177
2425028
2425091
2425051
2424811
2425026
2425045
2425049
2425050
2425032
2425928
2424370
2425043
2425054
2426021
2425038
2425048
2425053
2425054
2425048
2425045
2425059
2425053
2425059
2425051
2425056
2425059
2801380
3500062
3103386
3300096
3101645
3200079
3175063
3250079
3275055
3150074
3163628
3179686
3300055
3175105
3274613
3350725
3176918
3275073
3226635
3250075
3250065
3125068
