3500255
3500077
3500053
3500057
3501262
3500054
3500063
3500072
3500058
3500075
3500048
3500064
3500086
3500090
3499695
3500066
3500044
3499877
3502602
3500063
3500058
3500067
3500553
3500028
3500063
3500078
3500052
3500054
3500056
3500063
3500055
3500039
3499656
3500056
3500065
3500715
3500022
3500046
3500054
3500030
3500690
3500046
3500073
3500024
3500066
3500039
3500500
3500068
3500062
3500061
3500065
3500106
3500042
3500060
3500063
3500129
3500362
3500038
3500054
3500073
3500054
3499517
3500027
3500052
3500061
3500042
3500052
3500063
3500058
3500036
3501422
3500038
3500040
3500055
3499911
3500694
3500055
3488282
3500068
3500042
3500082
3500087
3500051
3500038
3500060
3500089
3500039
3500891
3500065
3500055
3500042
3500045
3500057
3501919
3501307
3500013
3500041
3500034
3500067
3500064
3500065
3500045
3500235
3500062
3500034
3500027
3503202
3500078
3500046
3500397
3499976
3499988
3500091
3500040
3500052
3500173
3500604
3500079
3500089
3500035
3500083
3500050
3500062
3500061
3500052
3488274
3500055
3500035
3500044
3500051
3500079
3500463
3501038
3499845
3500040
3500536
3501195
3500051
3500070
3500080
3500091
3500059
3500040
3500025
3500097
3500073
3500089
3500128
3500068
3501481
3500049
3500037
3500047
3500083
3500075
3500039
3499968
3500043
3500067
3500054
3500093
3500094
3499930
2425048
2425040
2425011
2424924
2424991
2425023
2424985
2425033
2425024
2425011
2425035
2425061
2424895
2424987
2425038
2425001
2425014
2425027
2425070
2425040
2424961
2425652
2425024
2425033
2425012
2425040
2424941
2424966
2425004
2425006
2425010
2425375
2424897
2424792
2425025
2425045
2424992
2425033
2424970
2425946
2425024
2424956
2424973
2425006
2424995
2424957
2425039
2425138
2424966
2425000
2425022
2425014
2425008
2424991
2425054
2425012
2425017
2424901
2424998
2425279
2425042
2425023
2425034
2425020
2425073
2424990
2425049
2425026
2425034
2425034
2425025
2425044
2425868
2425040
2425040
2425024
2425019
2425050
2425156
2425039
2425035
2425038
2425039
2425407
2425717
2425004
2425034
2425044
2425035
2425450
2426595
2424989
2425044
2425008
2424897
2424978
2424992
2425020
2424990
2425012
2425951
2425001
2424990
2426944
2425178
2425013
2425033
2424986
2425029
2424958
2424924
2424991
2424976
2425008
2424974
2425032
2425049
2425032
2425040
2425079
2425039
2425036
2425045
2425031
2425039
2425033
2425039
2425055
2425035
2425051
2425050
2425311
2425026
2425064
2425016
2425018
2425033
2424994
2425032
2425040
2425054
2425036
2425047
2425028
2426131
2425047
2425036
2425023
2425034
2425187
2425033
2425046
2416798
2425039
2425047
2425023
2425560
2425039
2425041
2425060
2425055
2450153
3175042
3500097
3500190
3500059
3500043
3500056
3500079
3500054
3500070
3500081
3500039
3500051
3500057
3500060
3500046
3500070
3500041
3500041
3500313
3500052
3500051
3442722
2425035
2425078
2425010
2424937
2424975
2425025
2424989
2424894
2423365
2425049
2425017
2425031
2427536
2425059
2425033
2425052
2425036
2425042
2425545
2425075
2425035
2425069
2425041
2425035
2425034
2425028
2425040
2425011
2425032
2425034
2425035
2425114
2425036
2425025
2425029
2425038
2425043
2425045
2425035
2425042
2425044
2425020
2425035
2425663
2425020
2427060
3049240
3500072
3500048
3500063
3500060
3500172
3500051
3500035
3500072
3500084
3500013
3074553
2424959
2425035
2414998
2425004
2424953
2425017
2425054
2425334
2425065
2425034
2425051
2425038
2425041
2425041
2425019
2425039
2425051
2425053
2425046
2425033
2425035
2425090
2425040
2425046
2425054
2425071
2425046
2424928
2425038
2425049
2425218
2425034
2425030
2425041
2675044
2950045
2424988
2424967
2425054
2424983
2414428
2424997
2425043
2425111
2425062
2425048
2425033
2425040
2425044
2425039
2425028
2425036
2425049
2425035
2425043
2425056
2425052
2425040
2425047
2425051
2425038
2425052
2425062
2425061
2425055
2425050
2425057
2425055
2825079
3500076
3220868
3225026
3221702
3346615
3175058
3225087
3350062
3275069
3257159
3125053
3225076
3350047
3246255
3279708
3171240
3128120
3150068
3250080
3225069
3150065
3104627
3175072
3272102
3196938
3200064
