3499813
3499847
3499847
3499862
3499866
3499848
3499884
3499880
3499863
3499993
3499867
3499829
3499835
3499888
2799894
3324861
3499847
3499857
3499840
3499867
3499851
3500439
3499907
3499849
3499881
3499872
3499858
3499849
3499853
3499839
3500092
3499839
3499871
3499850
3499858
3499890
3499856
3499869
3499863
3499876
3499850
3499884
3499849
3500048
3499857
3499842
3499854
3499847
3499862
3499863
3499869
3499840
3499862
3499864
3499857
3499864
3499860
3499863
3499849
3499861
3499840
3500155
3499830
3499850
3499875
3499863
3499850
3499875
3500038
3499876
3499843
3500242
3499852
3499871
3499854
3499884
3499883
3499876
3499858
3499828
3499873
3499864
3499860
3499844
3499888
3499877
3499906
3499866
3499877
3499860
3499868
3499867
3499872
3499863
3499866
3499834
3499873
3499892
3499876
3499830
3499857
3499860
3499877
3499905
3500005
3499853
3501093
3499878
3499843
3499862
3501378
3501582
3499855
3499854
3499853
3499883
3499851
3499847
3500034
3499960
3499843
3499903
3500688
3499874
3499909
3426633
2799873
3499856
3499876
3499837
3499858
3499873
3500537
3499861
3499824
3499746
3115785
2799864
2799911
2799873
2799904
2799860
2799892
2799866
2799856
2799830
2802321
2799898
2799850
2799896
2799883
2799883
2799834
2799864
2799917
2799866
2799919
2799863
2799906
2799843
2800041
2800575
2799847
2799883
2799885
2799864
2800497
2802116
2799737
2799866
2799883
2799870
2800497
2800409
2799909
2799847
2799898
2801637
2800413
2799849
2799841
2799884
2799905
2799825
2799864
2799950
2799864
2799843
2800597
2799883
2799881
2799891
2799873
2799930
2799895
2799835
2800045
2799880
2799864
2799846
2800873
2799814
2799865
2799880
2799880
2799907
2799896
2799796
2799851
3478129
3501025
3499828
3499850
3500115
3499852
3499870
3499870
3499854
3500047
3499867
3499853
3501552
2799911
2800614
2799898
2799885
3499839
3499877
3500840
3224839
2799826
2799871
2799919
2799878
2799853
2799889
2799827
2799776
2799768
2799868
2799851
2799856
2800397
2799832
2799794
2799821
2799875
2800075
2802220
2799850
2799786
2799864
2801421
2799875
2799817
2799888
2799944
3499849
2800044
2799896
2833519
3499834
3499860
3499854
3499856
3499844
3499857
3499866
3499857
3177323
3499853
3499864
3499851
3499868
3499843
3499886
3500406
3499847
3499839
3499882
3499849
3499871
3499844
3500726
3500935
3499842
3500505
3499871
2799890
3499878
3499873
3499850
3500804
3499861
3499999
3499847
3499852
3499884
3499862
3499851
3499921
3500027
3499863
3499888
3499874
3499847
3499901
2800047
2799872
2799881
3478840
2945490
2800284
2799894
2799843
2799932
2800802
2799863
2799875
2799950
2799871
2799817
2799852
2799865
2799857
2808366
2799907
2799931
2799875
2799906
2799785
3474869
3499870
3499746
3500994
3500012
3499888
3499870
3500831
3499866
3074823
3499872
3499854
3499822
3499869
3499163
3499856
3499847
3499878
3499876
3500458
3499845
3499871
3499862
3499871
3499854
3499853
3499937
3499836
3500692
3499929
3499862
3499842
3499936
3499880
3024841
2799853
2799836
2799822
2799870
2799852
2799869
2799876
2799882
2799918
3499855
3499828
3500576
3499849
3499867
3499858
3499832
3499873
3499840
3499865
3499858
3499852
3499810
3506799
3500746
3498059
3499884
3501335
3499858
3499857
3499854
3499867
3499788
3499801
3475524
3199711
2799877
2799839
2799809
2799912
2800124
2799897
2988560
3499888
3499868
3499866
3499957
3499839
3499954
3499851
3499857
3499860
3499884
3240338
3224885
2799914
2799886
2799909
2799898
2799892
2799970
2799894
2799909
2799907
2799889
2799893
2799900
2799894
2799903
2799905
2799905
3499870
3130923
3245581
3195085
3199887
3228053
3199882
3399882
3199892
3197591
3249860
3249939
3224873
3199879
3149890
3199876
3249884
3224869
3201297
3249893
3175906
3249904
3200848
3199814
3201446
3224887
3277073
3277378
3232789
3299889
3254999
3199892
3324891
3249886
3252967
3174890
3269829
3282496
3224890
3324863
3268952
3224897
3149888
3182438
3224886
3234257
3199891
3223482
3110123
3193297
3232826
3124875
3127114
3221531
3199887
3149886
3249894
3149901
3199877
3299910
3201537
3224886
3196894
3248917
