3499881
3499872
3500488
3499837
3499867
2799943
3499889
3499868
3499832
3499871
3499868
3499889
3499877
3499848
3499868
3499876
3499860
3499880
3499880
3499871
3499921
3499864
3499878
3499837
3499863
3501820
3499873
3499851
3499877
3499861
3499801
3499865
3499867
3499847
3499988
3499850
3499737
3499850
3499844
3499863
3499844
3499852
3499845
3488109
3499862
3499861
3500444
3488077
3499877
3499806
3500790
3499909
3499849
3500278
3500411
3499874
3499861
3499867
3499874
3502421
3499864
3499876
3499798
3500061
3499959
3499860
3488048
3499872
3499860
3499848
3499873
3499989
3501321
3499858
3499973
3499887
3499846
3499894
3499830
3499848
3499863
3488095
3499786
3499870
3499803
3499743
3500074
3499847
3499877
3499876
3500156
3499860
3499864
3499853
3499864
3499855
3499857
3499823
3499887
3499855
3499867
3499831
3500011
3499842
3499863
3500121
3499886
3499770
3499834
3499573
3499844
3499864
3499845
3499871
3499876
3488083
3501378
3074884
3499857
3499849
3499853
3499859
3499840
3499835
3499855
3499870
3500042
3499058
3102902
2879142
3499895
3432728
3324810
3074854
2799911
2801666
2799937
2799883
2799946
2799883
2799829
2799879
2800727
2799894
2799905
2801411
2799862
2799862
2799888
2800217
2799887
2799841
2799753
2800610
2799785
2799881
2799851
2801870
2799732
2799879
2799911
2799848
2800057
2799902
2799768
2799885
2799883
2799857
2799813
2799808
2799868
2799874
2799767
2800147
2799900
2799966
2799966
2799765
2799844
2799807
2799830
2799855
2799846
2799864
2800180
2800815
2799847
2799861
2799869
2799828
2799885
2799953
2800892
2799872
2799848
2799851
2800021
2799891
2799880
2799897
2799875
2941745
3499835
3499861
3502206
3499843
3502271
3499835
3499838
3499849
3500912
3502310
3499838
3499845
2799909
2799903
2799889
2799883
3499835
3499915
3125653
2924876
2800202
2799879
2799905
2799892
2799917
2800375
2799879
2799904
2799869
2799815
2799871
2799864
2799900
2799884
2800092
2799897
2799896
2799803
2799914
2799875
2799818
2799909
2799733
2799768
2799836
2799989
2799849
2799862
2799831
2799871
3498920
3499851
3499853
3499890
3499856
3499858
3499863
3499865
3499863
3497923
2799887
2799847
3499850
3499845
3499731
3499879
3499922
3499864
3499840
3499869
3499852
3499863
3499878
3499860
3500563
3499850
3499884
3499859
3499860
2799877
3499863
3500399
3500232
3499834
3499876
3499880
3499874
3499873
3499936
3499842
3499882
3500372
3499876
3499944
3499876
3499838
3500119
3499866
2799886
3249914
3499867
3499846
2799897
2800178
2799838
2799874
2799888
2799844
2799753
2799868
2799860
2799911
2799873
2799876
2800126
2799851
2799875
2799798
2799879
2799888
2932911
3499853
3499857
3499869
3499856
3499857
3499878
3499847
3499857
3499819
3499860
2799894
2799883
2949870
3499873
3500205
3499877
3499860
3503392
3500038
3499852
3502510
3499923
3499833
3500341
3499837
3499848
3499875
3499844
3499948
3499861
3499854
3499879
3499863
3499830
3499800
3249870
2799843
2799860
2799886
2799854
2800530
2799883
2799890
2800508
3089020
3499832
3500584
3500849
3499844
3499905
3499868
3499847
3499856
3499869
3499867
3499871
3499864
3499894
3500324
3499858
3499981
3499826
3500541
3499858
3499848
3499920
3499839
3374998
2949900
2799916
2799884
2799845
2799875
2799895
2799868
2799901
2799885
2800525
2800100
3503338
3499874
3499862
3499823
3499865
3499858
3499876
3323555
3424857
2799906
2799914
2799908
2799886
2799900
2799893
2799890
2799904
2799911
2799909
2799895
2799908
2799926
2799909
2799887
2799898
2799901
2799890
2799916
2799904
2799913
2799887
2799901
2799901
2799902
2799904
3499868
3299624
3224888
3274882
3224904
3224883
3224891
3249881
3249919
3201107
3300204
3224885
3249897
3324886
3249894
3174888
3341059
3199882
3249973
3224883
3324867
3174870
3299888
3224062
3299877
3199880
3190759
3384749
3324894
3249893
3274885
3224888
3224892
3201165
3249898
3099905
3374870
3275815
3321734
3324887
3290660
3373349
3299902
3299893
3149893
3199895
3188250
3250013
3199902
3222528
3299864
3189018
3224901
3176645
3199400
3224880
3187166
3324872
3224895
3274895
3152991
3224898
3249886
