3500057
3500062
3500079
3500106
3500100
3500081
3500043
3500053
3500076
3500050
3500057
3500050
3500050
3500820
3500055
3500154
3500077
3500089
3501464
3500054
3500072
3500103
3500084
3500042
3500116
3500062
3500049
3501039
3500081
3500085
3500070
3500285
3501720
3500028
3500079
3500061
3500051
3500052
3500056
3500076
3500800
3500057
3500064
3500064
3500078
3500066
3500496
3500062
3500083
3500070
3503200
3500027
3500075
3500287
3500054
3500066
3500279
3499787
3500065
3500064
3500065
3500070
3500040
3500050
3500040
3499618
3500050
3500043
3500041
3500275
3500121
3499981
3500174
3500063
3500146
3500038
3500036
3500059
3500309
3500030
3499671
3500057
3500041
3500059
3500109
3500030
3500047
3500371
3500102
3500055
3500047
3500063
3500069
3499905
3500021
3500098
3500044
3500055
3500086
3500068
3499805
3499963
3500045
3500041
3500126
3500256
3500067
3500073
3500524
3500052
3500132
3500761
3500230
3500069
3499994
3500076
3500071
3500029
3500048
3500049
3502144
3500136
3499771
2425013
3499890
3500572
3500579
3500021
3500037
3500044
3499935
3497642
3499998
3500119
3500015
3500018
3500068
3500033
2425033
3500044
3499905
3500026
3499982
3483870
3449596
3500132
3499986
2424989
3500023
3499989
3117792
3498477
3499849
2424977
3500323
3499845
2422190
2424987
2425054
3499918
3499989
3500048
3500036
3500073
3500150
3499969
3500086
2424924
2425041
2425009
2424954
3496777
2850739
3499537
3500029
3499673
3500028
3500076
3500099
3327951
2561674
3240712
2425010
2424875
2425010
2425038
3486251
3500004
3500024
3500154
3461242
2925022
2458316
3500070
3500015
3500066
3500058
3500060
3500039
3500081
3500061
3500060
3500080
3500052
3500086
3500044
3500056
3501302
3500030
3500102
3500027
3492527
3500091
3501646
3500281
3374996
3070434
3499987
3499930
3500017
3498691
3500008
3500055
2357199
3500541
3499999
3499994
3500007
2425020
2424987
2425044
2424989
2425000
2425023
3500089
3500260
3500042
3032329
3497709
3500007
3499981
2799996
2424998
3500040
3500040
3501041
3500082
2769168
3500041
3500056
3500076
3500076
3500045
3500024
3500021
3499850
3500071
3500072
3500067
3500054
3500061
3500073
3500082
3500041
3499961
3500180
3500076
3500096
3500053
3500033
3499996
3500019
3499271
3500058
3500024
3500044
3500066
3500135
3501019
3500057
3500036
3500197
3500065
3500073
3500068
3500066
3500040
3500065
3500042
3500076
3500012
3500143
3500043
3500037
2425056
2425039
3500052
3500031
3500250
3500030
3324967
3500007
3500019
2972603
3499938
3500025
3499992
3500446
3500037
2424946
3500069
2425027
3500025
3500089
3499786
3500094
3500093
3500054
3500075
3500071
3500044
3500083
3500048
3500063
3500056
3500034
3500056
3488282
3500056
3500812
3500068
3500036
3500039
3500056
3500059
3500130
3500040
3500061
3500066
3500097
3500071
3500091
3500027
3500045
3500104
3500093
3500065
3500050
3500072
3500069
3499973
3500175
3486298
3416171
3500102
2423364
3499298
3500070
3500055
3500080
3500058
3500037
3500076
3500063
3500517
3500110
3500026
3500042
3500065
3500059
3500053
3500165
3500051
3500065
3500382
3498821
3500067
3500030
3500065
3500049
3500134
3500174
3499781
3484382
3499653
2861474
3500033
3500015
3500046
3500042
3500068
3500052
3500030
3500044
3500062
3500687
3500075
3500030
3500062
3500063
3500078
3296486
3434226
3106694
3300084
3139782
3325078
3250070
3229451
3125556
3125065
3225064
3200083
3250089
3336257
3175064
3200075
3272201
3214521
3404356
3125066
3225072
3254723
3300051
3240410
3204081
3275063
3225398
3300072
3277677
3227339
3150070
3252663
3200075
3311900
3225065
3337986
3153786
3275078
3229619
3252764
3203780
3174130
3225066
3275084
3205581
3208733
3225035
3203814
3300073
3228177
3202796
3202273
3200067
3250036
3225065
3225059
3177677
3250063
3200072
3278182
3300081
3145104
3350060
3225059
3180999
3230384
3251014
3176804
3325073
3275096
3350048
3224804
3199644
3325670
3225063
3225076
3226757
3250057
3278000
3225063
3250085
3200074
3175187
3228259
3275068
3275054
3300064
3250099
3127396
3275071
3225066
3250091
3225066
3175071
3200007
3125799
3150072
3275062
3250071
