3500043
3499997
3500056
3500070
3499626
3500080
3500118
3500053
3500059
3500067
3500045
3500060
3500134
3500034
3500036
3500024
3500052
3500039
3500048
3499489
3500060
3500038
3500066
3500081
3500048
3500094
3500057
3500041
3500065
3500061
3500052
3500053
3500427
3500034
3500057
3500058
3500056
3500045
3500070
3500077
3500045
3500078
3499900
3499903
3500088
3490212
3503339
3499889
3500048
3500277
3500111
3500167
3500055
3498976
3499665
3500070
3500047
3500066
3499850
3500126
3500456
3500107
3500095
3500079
3500695
3500050
3500065
3500093
3500046
3500032
3500055
3500046
3500050
3500060
3499853
3500059
3500070
3500077
3500058
3500046
3500260
3500852
3488259
3499739
3500324
3499853
3500060
3500054
3500001
3500039
3499602
3490121
3500040
3500059
3499823
3499928
3495205
3500065
3500056
3500014
3500091
3500069
3500098
3500039
3499875
3500045
3502780
3499554
3500046
3499495
3499657
3499852
3500052
3500078
3500056
3500057
3500080
3500035
3500056
3502684
3500271
3500065
3500035
3500182
3500440
3500048
3500046
3500887
3500516
3500066
3500048
3503302
3500091
3500053
3500403
3500042
3500033
3500045
3500444
2425045
3500041
3500082
3500065
3500075
3500038
3500051
3500042
3500066
3500040
3486985
3500052
3500072
3500031
3500621
3499992
3499939
3499999
2424937
2424998
2425037
2424962
2425027
3455892
3500141
3500107
3499954
3500069
3499965
2425016
2421955
3500020
3503871
3500022
3498110
3487839
3500851
3499958
3499999
3440382
3500012
3500033
3499857
3500094
3501191
3500298
3499933
3060599
3500022
2424924
2425013
3500004
3499861
3500031
3499972
3500052
3137656
3500187
3500056
3500036
3422847
3500021
3500024
3499998
3492097
3500028
3499594
3505315
3500004
2424986
2424988
3449960
3500263
3499951
3500091
3500033
3499642
3275027
2424996
3499854
3500072
3500470
3500073
2425124
3500040
3488308
3500002
3500048
3500054
3500061
3500070
3499923
3500052
3501675
3500056
3500092
3500075
3500058
3500064
3488245
3501182
3500039
3500006
3500072
3000359
3500045
3456213
2424974
3499835
3488272
2417430
3499847
3499996
3498751
3500147
3500066
3482409
3290141
3500047
3499988
2424949
2425304
3499920
3500083
3499869
2700000
3499943
3500136
3499999
2425013
3500066
3488904
3500039
3500036
3500077
3500055
3500028
3488276
3500294
3499944
3500105
3500033
3500059
3500052
3500050
3500072
3500070
3500076
3500043
3500056
3502624
3500055
3500059
3500064
3500062
3500069
3501500
3500050
3499517
3500040
3500059
3500059
3500038
3500050
3500073
3500058
3500077
3500045
3500043
3500031
3500038
3500055
3501300
3500065
3500274
3488261
3500084
3500082
3500054
3500063
3500029
3500123
3500050
3500070
3500071
2615542
3085487
3498120
2425190
2425004
3500006
3500025
3486581
3500016
3500011
2505944
3500040
2424945
2425010
3500054
3500055
3500038
2425047
2425037
3500162
3500072
3500050
3500084
3499921
3500061
3500104
3500071
3500058
3500077
2425050
2424913
2424508
3089705
3500104
3500070
3500069
3500254
3500080
3500054
3500050
3500040
3500056
3500029
3500066
3500034
3500051
3500063
3500086
3500063
3500099
3500062
3500050
3500031
3499951
3499954
3500270
3302347
3499878
3500008
2424934
3500088
3500053
2368778
3500632
3500053
3500061
3500046
3500051
3500064
3500122
3500100
3500057
3500051
3500042
3502945
3500106
3500066
3500065
3499986
3500675
3500056
3500066
3500038
3500043
3500063
3499859
3500259
3500045
3499946
3500080
2425004
3499925
3500095
3500025
3500065
3500071
3500053
3500100
3500100
3500037
3500084
3500125
3502272
3500084
3500065
3300074
3190093
3325420
3218295
3347546
3225071
3202774
3225078
3200063
3250062
3138862
3250064
3224969
3200066
3200073
3225064
3215555
3117981
3200072
3275074
3248713
3288098
3275064
3200077
3225042
3300077
3321857
3284617
3302964
3252391
3162837
3250099
3300063
3235586
3225059
3275068
3175062
3300069
3225057
3250052
3175066
3189509
3275080
3200453
3200365
3375072
3202728
3225067
3300072
3225062
3275188
3172497
3199886
3190584
3252708
3250066
3350040
3197625
3300070
3450065
3225059
3350071
3458146
3378168
3401079
3203729
3250082
3125073
3207824
3225059
3225073
