3499878
3499884
3499859
3499833
3500802
3499854
3499870
3499860
3499875
3499832
3500260
3499943
3499874
3499668
3500012
3499882
3499886
3500231
3499849
3499846
3503047
3501053
3499857
3499773
3499687
3499862
3499760
3499832
3499885
3499878
3499852
3499981
3499860
3500236
3499903
3500033
3499386
3499859
3500920
3499706
3499847
3499851
3499851
3499833
3499856
3499879
3499868
3499860
3500037
3499847
3499867
3499908
3499980
3499877
3499858
3499833
3499829
3499867
3499860
3499865
3499846
3499875
3500310
3499893
3499842
3499870
3499867
3499857
3499866
3499860
3499853
3499898
3499894
3499853
3499549
3499846
3499853
3499875
3499854
3499888
3500201
3499858
3499871
3499863
3500235
3499843
3499860
3499858
3499863
3492975
3499753
3500288
3500774
3499850
3499850
3499874
3500141
3499902
3500058
3499862
3499855
3499866
3499850
3499849
3499857
3499853
3501272
3500400
3499893
3500585
3499874
3488092
3499832
3499842
3499849
3499865
3499854
3499690
3499861
3499858
3493828
3499824
3499852
3499857
3499850
3499845
3499871
3499833
3500074
3499851
3499986
3499859
3499810
3499868
3499753
3499923
3499330
3499948
3499870
3499842
3499895
3499890
3499842
3500201
3499687
3499879
3500318
3499915
3499856
3499782
2594257
2424894
2424834
2424897
2424842
2424855
2424882
2424925
2424840
2424836
2424936
2426014
2424878
2425832
2414795
2424903
2422508
2424720
2424807
2424677
2424934
2424686
2424858
2411203
2424684
2425379
2424690
2424913
2424880
2424826
2424847
2426522
2424519
2424851
2424231
2424858
2424865
2424294
2424872
2424737
2424788
2424881
2417671
2424677
2425335
2424823
2424808
2424882
2425434
2424903
2425856
2424823
2424860
2424470
2424214
2424957
2424891
2424895
2425183
2421697
2406136
2425901
2424578
2423472
2397113
2425520
2424910
2416811
2423876
2422068
2424886
2424904
2424905
2424911
2424901
2424895
2425619
2424921
2424721
2424900
2425163
2424906
2425466
2424887
2424992
2424776
2424610
2424826
2424716
2424903
2424886
2424905
2424869
2424938
2425167
2424866
2424922
2424609
2424859
2424822
2424935
2424727
2408282
2415722
2424851
2424843
2424846
2424744
2415714
2424142
2425494
2423804
2424726
2424722
2424863
2413438
2424868
2424707
2424270
2425266
2424575
2424820
2424907
2424846
2424900
2424918
2424827
2425544
2424954
2424854
2422932
2424836
2424857
2424898
2424901
2424437
2424902
2416669
2425030
2424868
2424918
2424686
2424898
2424936
2425234
2424901
2424904
2424917
2425024
2424894
2424900
2424830
2424888
2416670
2423353
2424756
2424853
2424732
2424915
2427253
2424887
2987911
3499869
3499868
3499871
3499895
3499865
3499878
3499916
3499827
3499864
3499838
3499852
3499858
3499806
3499789
3499833
3499855
3499884
3499886
3499868
3499886
3499727
3199886
2424806
2424898
2424906
2424871
2424914
2424873
2424875
2424873
2422533
2424833
2419713
2424891
2424878
2425014
2424894
2425731
2423416
2424927
2424884
2424916
2424539
2425036
2423227
2424915
2424883
2424912
2424889
2424902
2424453
2424888
2424886
2424966
2416675
2424308
2424529
2424901
2416655
2424428
2424908
2424533
2424820
2424877
2424942
2424952
2649349
3376438
3500772
3499838
3499847
3499882
3499827
3499858
3499858
3499845
3499924
3500404
3499746
2415583
2424726
2424919
2424314
2424346
2424038
2424895
2424897
2424908
2424988
2424882
2424890
2424881
2424889
2416659
2424815
2425138
2424915
2424836
2424893
2424933
2424814
2416706
2424604
2424893
2424915
2424918
2424894
2424851
2424088
2424842
2424908
2424921
2424897
2424890
2485805
2416055
2424992
2424776
2424869
2424934
2421918
2424881
2424299
2424890
2425788
2424452
2424893
2424903
2424911
2425188
2425264
2424891
2424929
2424895
2424895
2424783
2424931
2424914
2424918
2424912
2424911
2424917
2424914
2424922
2424932
2424917
2424918
2649899
3449784
3174885
3249886
3174881
3374893
3199742
3199886
3299864
3224889
3199884
3249901
3299893
3249002
3259034
3174937
3191557
3317317
3199872
3374901
3249881
3273553
3174892
3274890
3249881
3249897
3193158
3292440
3224880
3199882
3181956
3194423
3290470
3274890
3306162
3206860
3256484
3249887
3249887
3269481
3274879
