2424896
2424902
2424918
2425280
2424715
2424905
2424907
2424898
2423472
2424833
2424888
2424902
2424965
2424906
2424917
2424895
2425430
2424897
2424900
2424904
2424891
2424887
2424895
2424893
2424888
2424887
2424891
2424918
2424898
2424884
2424857
2424888
2424913
2424891
2424896
2424912
2424884
2424909
2424897
2424912
2424921
2424905
2424938
2424912
2424893
2424863
2424882
2424901
2424898
2856950
3499988
3499870
3499847
3499856
3499850
3500021
3499867
3499848
3499961
3499863
3500320
3499858
3499862
3502034
3500108
3066108
2424848
2424876
2424749
2424844
2425256
2425052
2424958
2424909
2424986
2424893
2424907
2424871
2425421
2424894
2424931
2425293
2424819
2424944
2425437
2424905
2424899
2424696
2424867
2415615
2424919
2424904
2424914
2424921
2425465
2424909
2424914
2424908
2424902
2424912
2424898
2424913
2425157
2424920
2424869
2424897
2424907
2426796
2424874
2424874
2424899
2424921
2424903
2424895
2424866
2424892
2424884
2424898
2424902
2424853
2424893
2424877
2425000
2424908
2424894
2424887
2424890
2424875
2425108
2424893
2425079
2424919
2424877
2424903
2424908
2424891
2425139
2424941
2424928
2424912
2424900
2424891
2424880
2425448
2424941
2425131
2424882
2424896
2424898
2425631
2424885
2424883
2424879
2424898
2424923
2424891
2424880
2424826
2424883
2424887
2425826
2425006
2424892
2424988
2424933
2424870
2424886
2426565
2424849
2424933
2424893
2424868
2424910
2424900
2424891
2425000
2424884
2426676
2424727
2425028
2424888
2425079
2424908
2424856
2424881
2424898
2426008
2424862
2424885
2427206
2424819
2425422
2424888
2424905
2424855
2424878
2424878
2424900
2424940
2425062
2424928
2424902
2424904
2424895
2424895
2424888
2415165
2424922
2424886
2424887
2424915
2423453
2424560
2424828
2424901
2424758
2424886
2424887
2425039
2424903
2425005
2424890
2415629
2424197
2424895
2424906
2424862
2424905
2424856
2424880
2424897
2424880
2424877
2424867
2424887
2424869
2424902
2424892
2425332
2424869
2424889
2424543
2424931
2424894
2424903
2424911
2427607
2424898
2425074
2424649
2424873
2422557
2424770
2424934
2424887
2424472
2424902
2424792
2424793
2424923
2424818
2424481
2424881
2424759
2415186
2424879
2424915
2424822
2424905
2425311
2424884
2425980
2421112
2424882
2424830
2424851
2424873
2424932
2424906
2424900
2424911
2424986
2424912
2424903
2424922
2424903
2424920
2424895
2424907
2425608
2424908
2424911
2424930
2424896
2424898
2424831
2424905
2425105
2424901
2424744
2425638
2424911
2424900
2424896
2424897
2999860
3499851
3499847
3499727
3499877
3499851
3499897
3500214
3499870
3499863
3499919
3499856
3500114
3499849
3499383
3501126
3499885
3499865
3499848
3499834
3499844
3499955
3499885
3499868
3500070
3499872
3499866
3500217
3499856
3499868
3499829
3499856
3499854
3499849
3499875
3499849
3499872
3499861
3500737
3499851
3499858
3499886
3499873
3499854
3500650
3501401
3500173
3501549
3499860
3499908
3499868
3499863
3499895
3499853
3499857
3499849
3499854
3499860
3499860
3499978
3499862
3499873
3499849
3499856
3499839
3499850
3499853
3499865
3499879
3499865
3499863
3499866
3499867
3499715
3499879
3499877
3500680
3499915
3499920
3499862
3499908
3499840
3499861
3499838
3499873
3499838
3499844
3500493
3499854
3499881
3499852
3499827
3499887
3499854
3499863
3499862
3499806
3499859
3499857
3499856
3501072
3499547
3499845
3499861
3499715
3499856
3499875
3499854
3499912
3499877
3499867
3502094
3350631
2425077
2424887
2425423
2424872
2426551
2424853
2425076
2424884
2424893
2424717
2424910
2424858
2424804
2424852
2425224
2426227
2425012
2424868
2424873
2425249
2424853
2424856
2424833
2424863
2425078
2424885
2425134
2424824
2424803
2424938
2424848
2424847
2424876
2424862
2424844
2424797
2424873
2424799
2424864
2424664
2424845
2424852
2424748
2424863
2425311
2425067
2424869
2424675
2424895
2424889
2424910
2424895
2424838
2424954
2424906
2424872
2424894
2424842
2424827
2424838
2424907
2425562
2424961
2424883
2424926
2424852
2424901
2424918
2424898
2424904
2424888
2424887
2424895
2426626
2424890
2424912
2424912
2424977
2424923
2424925
2424842
2424916
