2800261
3499858
3499862
3499844
3499847
3499903
3499890
3499873
3499849
3499857
3499864
3499831
3499860
3499862
3499863
3499867
3499884
3499870
3500901
3508967
3499851
3499875
3499856
3499879
3501825
3499857
3499853
3499869
3499860
3499844
3499861
3499877
3499852
3499830
3499842
3499840
3499828
3499839
3499844
3499846
3499869
3499899
3499841
3499846
3500133
3499862
3499868
3499857
3499843
3499860
3499840
3499864
3499848
3499861
3499873
3499863
3499852
3499860
3499850
3499845
3499856
3499877
3499873
3499863
3501188
3499856
3499830
3499860
3499861
3499866
3499853
3499861
3499871
3500270
3499868
3499860
3503326
3499865
3499903
3499901
3499854
3499851
3500834
3499823
3499863
3499970
3499827
3499852
3499836
3499836
3499847
3499845
3499835
3499869
3499844
3500757
3499884
3499851
3499879
3499825
3499862
3499870
3502613
3499863
3499871
3499831
3499857
3499873
3499996
2945654
2800273
3499872
3499870
3500391
3499847
3499881
3499862
3499784
2999909
2799872
2799877
2799851
3499788
3499849
3499807
3298802
2825960
2799886
2799850
2799883
2799842
2800221
2799898
2800257
2799876
2799846
2799857
2799915
2799889
2799838
2800485
2799898
2801000
2799848
2799883
2799876
2799871
2799866
2799902
2799849
2799886
2799927
2800070
2799932
2799770
2799810
2799779
2800435
2799851
2799936
2799957
2799852
2799853
2799847
2800562
2799954
2799893
2801148
2799878
2802116
2799796
2799850
2800016
2799817
2799819
2799866
2799842
2799969
2799826
2799838
2799856
2799876
2799911
2799890
2799934
2799898
2799812
2799899
2799864
2799904
2799913
2799900
3298664
3499877
3499913
3499856
3499880
3499855
3499844
3500478
3500276
3499859
3500896
3499860
3499857
2799892
2799897
2799923
2799897
2874618
2799923
2799956
2799901
2799874
2799832
2799860
2799880
2799878
2799902
2799852
2799814
2799845
2800845
2799843
2799902
2799815
2799871
2799868
2799826
2799868
2799875
2799790
2799889
2799900
2799737
2799883
2801063
2800012
2799796
2800794
2799894
2799918
3499853
3499868
3500052
3499862
3499874
3499823
3500117
3499863
3499865
2799876
2800421
2799886
3148818
3499845
3500419
3499866
3499842
3499867
3500033
3499854
3499878
3499892
3499864
3499863
3499847
3499876
3500647
3499874
2799911
3401981
3499850
3499863
3499863
3499855
3499862
3499879
3499849
3499857
3499882
3499849
3499866
3499846
3499845
3499896
3499825
3499965
2799883
2799887
3499894
3499897
3499847
2800323
2799869
2799849
2799824
2799851
2799888
2799852
2799876
2799960
2799917
2799845
2799886
2799883
2799880
2799877
2801189
2799896
3499854
3499859
3499876
3499937
3499885
3500543
3499834
3499846
3499871
3499851
3499849
3499867
2799885
2799941
3499880
3500119
3499872
3499858
3499850
3499862
3499870
3500038
3499845
3499893
3499855
3499857
3499853
3499857
3499866
3500282
3500490
3499885
3499865
3500036
3499865
3349792
2925700
2799855
2800796
2799898
2799891
2799883
2800039
2977723
2799889
3218248
3499865
3499840
3499855
3499860
3499879
3499849
3499836
3499870
3500259
3499851
3499790
3500138
3499875
3499862
3499977
3499867
3499886
3499861
3499836
3500072
3501162
3499853
3330153
2930005
2799764
2799868
2799842
2799873
2799899
3499826
2799890
2799884
2799888
3499855
3499850
3500134
3499850
3499870
3499830
3499851
3499905
3224892
3424870
2799895
2799902
2799890
2799905
2799910
2799899
2799894
2799910
2799889
2799910
2799885
2799906
2799891
2799894
2799883
2799899
2799905
2799898
2799886
2799914
2799912
2799900
2799904
2799916
2799911
2799894
2799889
2799906
2799897
2799915
2799884
2799904
2799904
2799909
2799910
2799890
2799895
2799915
2799942
2799903
2799888
2799900
2799902
2799907
2799913
3249886
3300891
3186948
3175582
3246664
3201367
3324864
3274504
3177004
3177681
3324890
3201294
3325432
3252367
3149873
3174881
3202369
3149892
3225786
3250023
3251763
3124884
3199886
3351433
3299892
3174989
3192926
3235093
3274881
3224865
3274312
3274862
3249889
3249888
3223756
3176432
3276949
3249896
3299899
3224881
3349864
3252827
3223897
3224898
3249884
3224061
3199896
3149915
3299888
3183214
3224915
3225409
3199880
3224888
3249907
3230602
