3499822
3499872
3499869
3499928
3499864
3499926
3499855
3499840
3499847
3499884
3499926
3489797
3499877
3499889
3489667
3500708
3499814
2799889
2799856
3499832
3499835
3499861
3499835
3499836
3499863
3499870
3499871
3499801
3499885
3499852
3499858
3499848
3500598
3499870
3500655
3499866
3499860
3499882
3498812
3488100
3499494
3499824
3499849
3501180
3501516
3499848
3500099
3499898
3499867
3499852
3499851
3499899
3499786
3499819
3499859
3499844
3499747
3499906
3499858
3499916
3499877
3499881
3499851
3499857
3500618
3499837
3499837
3499861
3500531
3499857
3499830
3499856
3499796
3499873
3500236
3499874
3499827
3499899
3500078
3499861
3499837
3499846
3499855
3499850
3499892
3499904
3499855
3488100
3488973
3499875
3499901
3499850
3499886
3499850
3499879
3499862
3499877
3493896
3500311
3499870
3499873
3499835
3499910
3500184
3499863
3499866
3499871
3495056
3499858
3499835
3499846
3499878
3500011
3499851
3500001
3499850
3499846
3499858
3503688
3499868
3499829
3499864
3501088
3499914
3499849
3500007
3499865
3499845
3499871
2800225
2799890
3499868
3499869
3499867
3499860
3499865
3499844
3499847
3499864
3499825
3091309
2849942
3499790
3498741
3500067
3174792
2799813
2799895
2799962
2800524
2799850
2799871
2799845
2799914
2799881
2799866
2799840
2799894
2799840
2799821
2800692
2799774
2800505
2801183
2799735
2799985
2799855
2799867
2799883
2799897
2799837
2799895
2800289
2800045
2800938
2799863
2799879
2799919
2801566
2799883
2799912
2799849
2799876
2799871
2799856
2799931
2802742
2799890
2799839
2799880
2799808
2800793
2800032
2799861
2799883
2799841
2799841
2799797
2799940
2800619
2800209
2799861
2800055
2799881
2799888
2799867
2799957
2799865
2799881
2799938
2800029
2799886
2799874
3442235
3499870
3499856
3499863
3499858
3499904
3499990
3499838
3500568
3499867
3499846
3501002
3499898
2799880
2799911
2799886
2800418
3499846
2940239
2799877
2799878
2799879
2799874
2799872
2799886
2799855
2799900
2799898
2799929
2802408
2799878
2800081
2799848
2800649
2799797
2799804
2799905
2799844
2799892
2799891
2799828
2799885
2799900
2799813
2799776
2799904
2799904
2799941
2799936
2799882
3474855
3501333
3499860
3500015
3499851
3499921
3499909
3499840
3499943
3499876
3109573
2799889
2799883
2799905
2799899
3500974
3496361
3499852
3499871
3499696
3488059
3499955
3499858
3499943
3499862
3499900
3499816
3499846
3499856
2999912
3499863
3500859
3499848
3499852
3499911
3499846
3499842
3499855
3499913
3499848
3499904
3499870
3499875
3499866
3499849
3499866
3499848
3499881
2799861
2799887
3499859
3499860
2799878
2799861
2799862
2799840
2799835
2799883
2799828
2799834
2799889
2799871
2799884
2800721
2799861
2800112
2799879
2799897
2965782
2799886
2799899
3499880
3499841
3499866
3499848
3499869
3499856
3499890
3499869
3499865
3499845
2799878
3499913
3499858
3501592
3499842
3499879
3499871
3499884
3499866
3499871
3502475
3499869
3499871
3499870
3500701
3499875
3499853
3500005
3499875
3499875
3499856
3499858
3499847
3440785
3024878
2799851
2799905
2799883
2799834
2799899
2800764
2799916
2799890
3067794
3499851
3500381
3499851
3499869
3499825
3499822
3499857
3499868
3499857
3499845
3499852
3499857
3499875
3499857
3499859
3499881
3499855
3499875
3499842
3499850
3499896
3499853
3499824
3424719
2924838
2799964
2799908
2799842
2799894
2800518
2799930
2799897
2799882
3499922
3499872
3499880
3499873
3499877
3499847
3499889
3499880
3229007
3328591
2799900
2799891
2799911
2799898
2799909
2799916
2799906
2799896
2799897
2799898
2799906
2799910
2799890
2799879
2799893
2799903
2799905
2799900
2799953
2799904
2799897
2799894
2799890
2799914
2799915
2799899
2799923
2799907
2799912
2799906
2799899
2799908
2799909
2799907
2799909
2799896
2799889
2799892
2799899
2799908
2799890
2799895
2799972
2799891
2799914
2799902
3349969
3274889
3249887
3224904
3174882
3324882
3224880
3194608
3294402
3149873
3249896
3286966
3199886
3225339
3299873
3192686
3124894
3374868
3277752
3391316
3149876
3274858
3174887
3199890
3199896
3149893
3274875
3275222
3199896
3249874
3224915
3299885
3267092
