3500704
3499875
3498555
3499838
2812844
2799922
3298847
3499854
3499848
3499875
3499898
3499878
3499848
3499888
3499909
3499879
3499852
3500536
3499861
3499859
3499862
3498613
3499986
3499830
3488055
3499922
3499874
3499864
3500884
3499969
3488090
3499875
3499825
3499833
3499922
3499867
3499880
3499857
3499822
3499859
3499870
3499844
3499846
3499878
3499865
3499879
3500044
3499852
3499822
3499851
3499873
3499826
3499877
3488091
3499841
3499871
3499832
3499855
3499920
3499793
3499890
3499849
3499845
3500771
3488072
3499875
3500243
3499918
3499851
3499852
3499857
3499835
3500172
3499716
3488084
3499899
3499870
3499873
3499855
3499871
3499871
3500283
3499888
3504084
3499872
3499843
3499817
3499871
3499839
3499866
3499839
3499848
3499882
3499862
3499878
3499857
3499851
3499868
3499861
3499869
3499842
3499842
3500150
3499864
3499853
3500309
3499841
3499837
3499851
3499836
3499836
3499858
3499866
3500215
3499858
2815001
2899879
3499875
3499864
3500074
3499913
3499874
3499830
3499858
3500494
3499889
3499771
3500116
3499830
3499905
3488975
3274888
2799883
2799721
2799815
2799884
2799843
2799874
2799850
2799894
2800047
2800530
2799880
2800523
2800153
2799938
2799918
2799869
2799875
2799857
2800153
2799907
2799801
2799947
2799884
2799905
2799842
2799826
2800074
2799898
2799863
2799874
2800119
2799957
2799880
2800648
2800970
2800047
2800010
2799934
2801839
2799868
2800006
2799745
2800723
2799848
2799822
2799813
2801923
2799876
2799804
2799859
2799892
2799925
2799838
2799948
2799871
2799953
2799829
2799878
2800309
2800197
2799835
2799784
2800842
2799862
2799862
2800688
3095842
2799885
2800011
3499858
3499839
3499848
3499858
3499871
3499856
3499880
3502285
3499846
3500256
3499856
3499728
2799891
2832456
2799892
3248107
3499756
3499786
3124811
2799859
2799867
2799847
2799858
2800346
2799807
2799879
2799818
2801070
2799880
2799849
2799946
2799883
2799859
2799843
2799859
2799861
2799885
2800416
2799846
2800575
2799881
2799885
2799890
2799869
2799888
2800105
2799894
2799911
3499829
3499873
3499885
3499867
3499782
3499872
3499864
3499862
3499852
3499853
2800015
2799875
3500566
3499790
3499832
3499834
3499860
3500284
3499644
3499860
3488103
3499868
3499824
3499857
3499841
3499851
3499824
3499848
3499882
2799894
3500316
3500083
3499890
3499936
3499894
3499866
3499855
3499878
3499872
3499878
3499829
3499844
3499870
3499862
3499865
3499882
3499868
3499714
3374880
3499864
3499842
3497634
2799883
2799830
2799881
2799890
2799926
2799813
2799852
2799862
2799947
2799833
2800645
2799866
2799752
2799846
2799903
2799918
3499865
2799896
2799877
3499413
3499896
3500412
3499865
3499859
3499900
3499795
3499882
3499855
3499859
2801757
3499870
3499863
3499616
3499834
3499838
3499855
3499887
3499711
3500060
3499874
3499842
3499854
3488068
3496585
3499872
3499847
3499897
3499885
3499831
3499871
3499856
3499869
3474792
3111099
2800439
2799839
2800767
2800397
2800090
2799920
2799882
2799879
2799831
3499852
3488091
3499864
3499840
3500100
3499857
3500787
3499847
3499880
3499836
3499831
3499843
3499850
3499871
3499841
3499833
3501111
3499862
3499860
3500563
3499835
3374826
2874796
2799855
2799894
2799856
2800511
2800380
2799888
2799910
2799895
2799912
2799888
2799880
2805438
2800172
3499856
3499835
3499894
3500073
3499864
3499876
3224890
2799890
2799887
2799897
2799928
2799903
2799894
2799894
2799890
2799906
2799918
2799902
2799891
2799908
2799897
2799902
2799895
2799890
2799896
2799893
2799899
2799889
2799916
2799906
2799906
2799903
2799919
2799892
2799989
2799901
2799895
2799908
2799899
2799907
2799898
2799907
2799904
2799897
2799916
2799897
2799902
2799886
2799901
2799890
2799903
2799905
2799899
3499878
3305203
3224826
3302928
3224882
3171058
3224863
3249874
3249887
3249890
3299751
3199891
3199892
3324889
3200408
3264067
3224896
3238079
3339101
3361173
3294638
3299887
3243340
3126508
3138554
3150902
3274890
3136576
3199868
3174903
3225387
3249890
3260185
3199520
3327305
3274874
3324881
3199905
3274870
3258654
3228780
3149883
3199882
3199886
3310179
3215939
3299882
