3499849
3500297
3499849
3499871
3499835
3499870
3500254
2799890
2799940
3499866
3499870
3500413
3499880
3499859
3499879
3499877
3499870
3499900
3499873
3499931
3499861
3499849
3499876
3499853
3499862
3499843
3500296
3499851
3499875
3499868
3499860
3499837
3499835
3499866
3499859
3499840
3499864
3500162
3499858
3499880
3499826
3499839
3499874
3499877
3499853
3499879
3499887
3499831
3499853
3499853
3499850
3499847
3499863
3499878
3499868
3499853
3499857
3499857
3499836
3499866
3499854
3499851
3499857
3499853
3499883
3499859
3499874
3499856
3499853
3499860
3499851
3499862
3499841
3499880
3499838
3499846
3499832
3499869
3502593
3499844
3499899
3499861
3499851
3499849
3499843
3499823
3499837
3499885
3499843
3500352
3499855
3499853
3499867
3499858
3499856
3499887
3499966
3499852
3499867
3499870
3499871
3499852
3499859
3499850
3499870
3499875
3499868
3499841
3499862
3499852
3499831
3499831
3500297
3499834
3499868
3499857
2799880
2799871
3499864
3499853
3499860
3499871
3499858
3499879
3500067
3499827
3499799
3485566
3501089
3499853
3334634
2899826
2800584
2800495
2799950
2799848
2800138
2800463
2799877
2799825
2799871
2799879
2802007
2799866
2799849
2799881
2800283
2799860
2799883
2799794
2800523
2799877
2800681
2799803
2799871
2799876
2799854
2799821
2799837
2799682
2799884
2799848
2800996
2799881
2800130
2799835
2800018
2799883
2799851
2800629
2799838
2799937
2799937
2799958
2800460
2799924
2799876
2800702
2800723
2799868
2799931
2799925
2800013
2799871
2799848
2799869
2799871
2799830
2799917
2799948
2799898
2799951
2799907
2801418
2799890
2799918
2799894
2800262
2799978
2799878
3499883
3499858
3499826
3499876
3499859
3499869
3499844
3499847
3499851
3499841
3499865
3499903
3499877
2828589
3001166
2799882
2799883
3499856
3124755
2877777
2799826
2800474
2799754
2799814
2799906
2799889
2799848
2800042
2799831
2799868
2799809
2799827
2799866
2799868
2799902
2799848
2799879
2799951
2799960
2799734
2799829
2799886
2799852
2799871
2799849
2799842
2799896
2799880
2799875
3499883
3499822
3499847
3499859
3499860
3499845
3500783
3499837
3499863
3499851
3499871
2799872
2800176
3499791
3499866
3499874
3499855
3499848
3499857
3499872
3499867
3499950
3499986
3499853
3499853
3499873
3499870
3499888
3499872
3499992
2799892
3499874
3499850
3499930
3499846
3499881
3499926
3499884
3499873
3499858
3499870
3499849
3499869
3499842
3499862
3501436
3499877
3499839
2799896
2799841
3499859
3499946
2799974
2800368
2799973
2799895
2799869
2799883
2799847
2799872
2799959
2799842
2799876
2799861
2799895
2799932
2799854
2799929
2799678
2849867
3499891
3499850
3499860
3499852
3499860
3499866
3499866
3499845
3499864
3499849
3021678
2799927
2799926
2799893
3499837
3499875
3499844
3499866
3499870
3499982
3499853
3499879
3499899
3499850
3499860
3499844
3499867
3499848
3499900
3499837
3499953
3499844
3499882
3499836
3500301
2875948
2799906
2799868
2799879
2799881
2799838
2799991
2995375
2799865
2799892
2799880
3499851
3499884
3499877
3499873
3499856
3499870
3499846
3499842
3499866
3500100
3500605
3499872
3499841
3499870
3500423
3499853
3499887
3499864
3499939
3499881
3499748
3325644
2853785
2799905
2799906
2799905
2799846
2799922
2801484
2799963
2800715
2799907
2800181
3504288
3499872
3499858
3499861
3502006
3499885
3499854
3499863
3236018
2799897
2799914
2799898
2799887
2999890
3125090
3274896
3200047
3224916
3174915
3224866
3199895
3414143
3224886
3239226
3199901
3249880
3295091
3199892
3224912
3249891
3224889
3144987
3199900
3199882
3162383
3224887
3224900
3224873
3149898
3249882
3274888
3274884
3249873
3200043
3324879
3324888
3214002
3224886
3387364
3224922
3324889
3224885
3274876
3099895
3224877
3324874
3324904
3249893
3174879
3299878
3204997
3249883
3224911
3280270
3299340
3261687
3374882
3186479
3114403
3249895
3304221
3299456
3376541
3200217
3299897
3119659
3249890
3224872
3249896
3174855
3199894
3199888
3149894
3314669
3224899
3174894
3174881
3224904
3256675
3224903
3117619
3249891
3273831
3199875
3274893
3135017
3249889
3175250
3209892
3224895
3274882
3359222
