3500052
3499999
3500082
3500103
3500067
3500056
3501508
3500053
3500036
3500053
3500065
3500060
3500030
3500282
3500030
3500081
3500063
3500075
3500017
3500069
3501942
3500065
3500047
3500091
3500065
3500048
3500027
3500071
3500068
3500049
3500034
3500052
3500063
3500061
3500040
3500029
3500060
3500069
3500048
3500078
3500046
3499172
3500295
3500066
3500062
3500070
3500046
3500031
3500042
3500035
3500708
3500064
3500054
3500437
3499920
3500088
3488280
3500043
3500070
3500068
3500072
3500333
3499989
3501179
3500084
3500045
3500080
3500061
3500070
3500090
3500055
3500090
3500058
3500053
3500050
3500039
3500048
3500050
3500046
3500057
3500077
3500317
3500061
3500103
3499966
3500050
3500054
3501733
3500050
3500043
3500083
3500049
3500153
3500049
3500057
3500048
3500068
3500029
3500050
3500073
3500072
3500046
3500072
3500046
3500034
3500048
3500138
3500055
3500052
3500090
3500073
3500039
3500046
3500075
3500063
3500050
3500059
3500517
3500039
3499912
3500062
3500230
3500074
3500076
3500059
3500072
3500100
3500078
3500052
3500042
3500040
3499976
3500868
3500078
3500097
3500093
3500165
3500077
3500046
3500001
3500050
3500058
3500184
3499961
3500041
3500080
3500030
3500072
3499969
3500040
3124967
2697152
3500109
3500690
3500023
2610838
2425006
2425036
3500031
3499956
2430592
3500037
2422664
2424539
3499268
3500073
2425004
3499338
3500030
3500010
2752095
3499997
2424948
2425091
2424991
2424961
2425059
3500039
3500034
3500092
3500059
3499983
2426023
2425003
3499960
2424306
3499902
2425075
3500070
3500067
3499951
3500016
2410488
3499884
2404158
2425012
2425068
3500028
2952649
3500038
3499947
3500083
2566039
3499922
2424407
3500030
3500012
3500102
3500925
2424983
3499971
3500046
3499905
3500069
2425044
2425274
3499665
3500067
3500059
3500125
3500068
3500030
3500063
3500050
3500050
3500449
3499940
3500191
3500062
3500066
3500050
3500048
3500078
3500958
3500028
3500186
3500011
2371124
3500021
3499979
3500046
3500095
3499634
3499412
2425055
3500085
3500070
3499985
3500042
3500035
3500023
3498681
3499997
2420870
3493234
3500046
2407099
3499953
3500076
2424914
3499958
3499832
3500016
3499855
3500055
3500344
3500067
3500606
3500126
3500387
3500066
3500059
3500051
3500655
3500199
3500066
3500043
3500040
3500133
3500177
3500051
3500043
3500177
3500085
3500202
3500039
3500039
3500076
3499972
3500037
3500037
3500061
3500032
3499838
3500028
3500075
3500081
3500075
3500073
3500054
3500045
3499920
3497298
3500052
3488238
3500090
3500052
3500036
3500676
3500055
3500062
3500042
3500040
3500063
2411605
2425054
3500069
3500035
3500068
3500045
3491046
3492290
3499914
3500031
3499749
3499827
3483013
3488561
3499811
2401582
2425030
2425015
2424999
3500078
3500052
3500050
3500063
3500060
3500029
3500097
3500033
3501689
3500213
3500047
3500069
3500138
3500069
3503808
3500066
3488301
3500070
3500057
3500054
3500118
3500050
3500043
3494119
3500038
3500077
3500084
3500082
3500060
3500051
3500036
3499976
3500026
3500077
3500067
3500035
3500072
3490982
3275028
2949989
2424990
3499902
3494541
3478605
3499906
3500120
3500026
3022826
3500095
3502027
3500051
3500030
3500240
3500057
3500065
3501756
3501006
3500039
3500056
3500050
3500061
3500172
3500063
3499746
3500074
3500032
3500056
3500058
3500034
3500047
3500071
3499769
3499964
3294129
2850018
2424895
2425006
3500044
3500050
3500223
3500059
3500074
3500097
3500108
3500076
3500063
3500173
3500066
3500094
3500057
3225080
3500077
3175143
3150078
3175065
3236157
3087034
3250068
3375065
3258706
3189697
3325116
3125076
3175056
3214578
3225078
3200059
3214285
3275077
3125082
3200338
3200072
3249364
3100081
3151465
3288950
3275068
3275083
3200067
3200132
3175085
3200073
3300071
3325068
3140840
3200059
3127582
3300056
3225070
3275078
3270421
3150075
3225065
3277791
3225175
3225075
3214558
3272106
3275076
3214393
3175063
3275085
3298810
3213602
3249113
3275051
3227818
3275096
3150067
3150077
3225083
3125062
3351764
3137976
3227164
3225066
3175075
3250052
3200077
3180378
3228833
3212526
3250070
3291085
3325066
3225067
3225082
