3500104
3500023
3500341
3500040
3500066
3500137
3500051
3502444
3500049
3500036
3500038
3500042
3500075
3500077
3500074
3500058
3500055
3500048
3500053
3500058
3500048
3500031
3500038
3500052
3500076
3500046
3500065
3500030
3500062
3500043
3500067
3500045
3500072
3500059
3500074
3500046
3500049
3500048
3500067
3500042
3500053
3500105
3500054
3500048
3500077
3500056
3500404
3500066
3500034
3500097
3500031
3502129
3500549
3500056
3500065
3500066
3500030
3500056
3500088
3500050
3500075
3500074
3500052
3500112
3500072
3500059
3500624
3501833
3500073
3500061
3500058
3500060
3500324
3500060
3500087
3500023
3500052
3500085
3502523
3500057
3500027
3502117
3500052
3500034
3500064
3500090
3500057
3500126
3500050
3500038
3500056
3500043
3500067
3501015
3500057
3500086
3500048
3500077
3500112
3502971
3500065
3500052
3500112
3500068
3500081
3500057
3500043
3500056
3500098
3500068
3500036
3500058
3500045
3500752
3500508
3500046
3500087
3501561
3500065
3500031
3500074
3500123
3500047
3501159
3500069
3500224
3500046
3500088
3500072
3500079
3500038
3500066
3500061
3500062
3500276
3500001
3500063
3500063
3500091
3500058
3500054
3500052
3500072
3500340
3499977
3499996
3500042
3500075
3499934
3501518
3501606
3499782
3499883
3499714
2425017
3499971
2500022
2424997
3500011
3499941
3500004
2424983
2904457
2425033
3499989
3499794
3500024
3499859
3219841
3499880
3500035
3499963
3499969
3499232
3498321
3500089
3500829
3500045
3497346
2425021
3500027
3500384
3500054
2425084
3500059
2424979
3499829
2959483
3500058
3500050
2975006
3500033
2425007
2425023
2424929
2425027
3501390
3500012
3500366
3500018
2644344
3500037
3502659
3500269
3499783
3502086
2422750
3500029
2974773
3500043
3505608
3499943
3500024
3500020
3499412
3500034
2425027
3500004
2538696
2425023
2425043
2425148
2425038
3500063
3500032
3500032
3500173
3500001
3500053
3500065
3500081
3504593
3500276
3497825
3499995
3500049
3500089
3499997
3500522
3504923
3499942
3500035
2362552
3500124
3500071
3500255
2425022
3500003
3499931
2849954
3501305
3500684
2425021
2425011
2424989
3500017
2763350
2424950
3500108
3467938
2678038
3483045
2424784
3499974
3499949
3500035
3498389
3500025
3502151
2425045
3500081
3500044
3500038
3500106
3498935
3500241
3500076
3502649
3500139
3499981
3500064
3500062
3500059
3500053
3500057
3500088
3500127
3500068
3502889
3500142
3500638
3500054
3500053
3500058
3500055
3500094
3500065
3500051
3500077
3500858
3500793
3500041
3500074
3500329
3500089
3500040
3500061
3500060
3500103
3500050
3500052
3499974
3500064
3500077
3500053
3499311
3500078
3500082
3500075
3500056
3500851
3500022
3500015
2741573
2826946
3499881
2425034
2425007
2424900
2424932
3499982
3499994
3500021
3500011
3499897
3500097
2925821
3129301
3502134
3500039
3500046
3500076
3500044
3500042
3500058
3500051
3500057
3500054
3500027
3500054
3500066
3500064
3500064
3500038
3500133
3500194
3500053
3500068
3500061
3500051
3500045
3500060
3500277
3499711
3499972
3500091
3501970
3500042
3500054
3501008
3501183
3498900
3500067
3499810
3499965
3499904
3499951
2366227
3499995
3482790
2425041
2425021
2425058
3500077
3500227
3500058
3500171
3505544
3500044
3500047
3500078
3501042
3500077
3500748
3501523
3501318
3500361
3500054
3500050
3500190
3500016
3499955
3500064
3500052
3500107
3499993
3499926
3500016
3500014
3061017
3499983
3499765
3500048
3500048
3500090
3499925
2425024
2425047
3500056
3500079
3500028
3500049
3501149
3500035
3500042
3330844
3231048
3285922
3227764
3250048
3348228
3225067
3225062
3200063
3272997
3216827
3099067
3300068
3202256
3225064
3151516
3250065
3225109
3177469
3202735
3224793
3226511
3225050
3250058
3149528
3100057
3225058
3225083
3276920
3250063
3251807
3200079
3250072
3225079
3275089
3150083
3275074
3225066
3233889
3175066
3151028
3300520
3175066
3251167
3204922
3175070
3200070
3274798
3175061
3250512
3149890
3300077
3274515
3226346
3225057
3250081
3325085
3249390
3200073
3256407
3200169
3176418
3243446
3225067
3198957
3222982
3130969
3223740
3201641
3225089
3150067
3200718
3173567
3177075
3124508
